15 15 13 13
0 0 0 0 0 0 0 0 0 0 0 0 0 0 0 
0 2 1 1 0 1 1 1 0 0 0 1 1 1 0 
0 0 0 1 0 1 0 0 0 0 0 0 0 0 0 
0 1 0 1 0 1 1 1 0 1 1 1 0 1 0 
0 1 0 1 0 0 0 1 0 1 0 1 0 1 0 
0 1 1 1 1 1 0 1 0 1 0 1 1 1 0 
0 0 0 1 0 1 0 1 0 1 0 0 0 1 0 
0 1 1 1 0 1 1 1 0 1 0 1 1 1 0 
0 1 0 0 0 0 0 0 0 1 0 0 0 1 0 
0 1 1 1 1 1 1 1 0 1 0 1 1 1 0 
0 1 0 0 0 0 0 0 0 1 0 0 0 0 0 
0 1 1 1 1 1 0 1 0 1 1 1 0 1 0 
0 0 0 1 0 0 0 1 0 1 0 0 0 1 0 
0 1 1 1 1 1 1 1 1 1 1 1 1 3 0 
0 0 0 0 0 0 0 0 0 0 0 0 0 0 0 
18 18 15 15
0 0 0 0 0 0 0 0 0 0 0 0 0 0 0 0 0 0 
0 2 1 1 1 1 1 1 1 1 0 1 1 1 0 1 0 0 
0 1 0 0 0 0 0 1 0 0 0 1 0 0 0 1 0 0 
0 1 0 1 1 1 1 1 1 1 0 1 1 1 1 1 0 0 
0 1 0 0 0 1 0 0 0 0 0 1 0 1 0 1 0 0 
0 1 1 1 0 1 1 1 1 1 1 1 0 1 0 1 0 0 
0 1 0 1 0 0 0 0 0 1 0 1 0 0 0 0 0 0 
0 1 0 1 1 1 0 1 1 1 0 1 1 1 0 0 0 0 
0 0 0 0 0 1 0 0 0 1 0 0 0 0 0 0 0 0 
0 1 1 1 1 1 1 1 0 1 1 1 0 1 1 1 0 0 
0 0 0 0 0 0 0 1 0 0 0 1 0 1 0 0 0 0 
0 1 0 1 1 1 1 1 0 1 1 1 0 1 1 1 0 0 
0 1 0 0 0 1 0 0 0 1 0 1 0 0 0 1 0 0 
0 1 0 1 0 1 0 1 1 1 0 1 1 1 1 1 0 0 
0 1 0 1 0 0 0 0 0 1 0 1 0 1 0 1 0 0 
0 1 1 1 1 1 0 1 1 1 0 1 0 1 0 3 0 0 
0 0 0 0 0 0 0 0 0 0 0 0 0 0 0 0 0 0 
0 0 0 0 0 0 0 0 0 0 0 0 0 0 0 0 0 0 
16 16 13 13
0 0 0 0 0 0 0 0 0 0 0 0 0 0 0 0 
0 2 0 1 1 1 1 1 0 1 1 1 1 1 0 0 
0 1 0 0 0 1 0 0 0 0 0 1 0 0 0 0 
0 1 1 1 0 1 1 1 0 1 0 1 1 1 0 0 
0 0 0 1 0 1 0 0 0 1 0 1 0 0 0 0 
0 1 1 1 0 1 1 1 1 1 1 1 0 1 0 0 
0 0 0 1 0 1 0 0 0 0 0 1 0 1 0 0 
0 1 1 1 1 1 1 1 1 1 0 1 1 1 0 0 
0 1 0 0 0 1 0 0 0 0 0 1 0 1 0 0 
0 1 1 1 0 1 1 1 1 1 0 1 0 1 0 0 
0 1 0 0 0 0 0 0 0 1 0 1 0 0 0 0 
0 1 1 1 1 1 1 1 0 1 0 1 1 1 0 0 
0 1 0 1 0 0 0 0 0 0 0 1 0 1 0 0 
0 1 0 1 1 1 1 1 1 1 0 1 0 3 0 0 
0 0 0 0 0 0 0 0 0 0 0 0 0 0 0 0 
0 0 0 0 0 0 0 0 0 0 0 0 0 0 0 0 
12 12 9 9
0 0 0 0 0 0 0 0 0 0 0 0 
0 2 1 1 1 1 0 1 0 1 0 0 
0 0 0 1 0 1 0 1 0 1 0 0 
0 1 1 1 0 1 1 1 1 1 0 0 
0 0 0 1 0 0 0 1 0 0 0 0 
0 1 0 1 0 1 1 1 1 1 0 0 
0 1 0 1 0 0 0 1 0 1 0 0 
0 1 1 1 1 1 0 1 0 1 0 0 
0 1 0 1 0 0 0 0 0 1 0 0 
0 1 0 1 0 1 1 1 1 3 0 0 
0 0 0 0 0 0 0 0 0 0 0 0 
0 0 0 0 0 0 0 0 0 0 0 0 
28 28 25 25
0 0 0 0 0 0 0 0 0 0 0 0 0 0 0 0 0 0 0 0 0 0 0 0 0 0 0 0 
0 2 1 1 1 1 1 1 0 1 1 1 0 1 1 1 0 1 0 1 1 1 0 1 1 1 0 0 
0 0 0 1 0 0 0 0 0 0 0 1 0 1 0 0 0 1 0 1 0 0 0 1 0 1 0 0 
0 0 0 1 1 1 1 1 0 1 0 1 0 1 1 1 0 1 1 1 0 1 0 1 0 1 0 0 
0 0 0 1 0 1 0 0 0 1 0 1 0 0 0 1 0 0 0 1 0 1 0 1 0 1 0 0 
0 1 1 1 0 1 1 1 0 1 1 1 0 1 0 1 1 1 1 1 1 1 1 1 0 1 0 0 
0 0 0 0 0 1 0 1 0 0 0 1 0 1 0 0 0 1 0 0 0 0 0 0 0 1 0 0 
0 1 0 1 1 1 0 1 1 1 1 1 0 1 1 1 0 1 1 1 0 1 1 1 1 1 0 0 
0 1 0 1 0 1 0 0 0 0 0 0 0 1 0 0 0 1 0 1 0 0 0 1 0 0 0 0 
0 1 1 1 0 1 0 1 1 1 1 1 1 1 0 1 0 1 0 1 0 1 0 1 1 1 0 0 
0 1 0 0 0 1 0 1 0 1 0 0 0 1 0 1 0 0 0 0 0 1 0 0 0 1 0 0 
0 1 0 1 1 1 1 1 0 1 1 1 0 1 1 1 1 1 0 1 1 1 1 1 1 1 0 0 
0 1 0 0 0 1 0 0 0 1 0 0 0 1 0 0 0 0 0 1 0 0 0 1 0 0 0 0 
0 1 0 1 1 1 1 1 0 1 0 1 1 1 1 1 1 1 0 1 1 1 0 1 0 1 0 0 
0 0 0 1 0 1 0 0 0 0 0 0 0 0 0 0 0 1 0 1 0 0 0 0 0 1 0 0 
0 1 0 1 0 1 1 1 1 1 1 1 0 1 1 1 1 1 1 1 1 1 1 1 1 1 0 0 
0 1 0 0 0 1 0 1 0 1 0 0 0 0 0 0 0 0 0 0 0 1 0 0 0 1 0 0 
0 1 1 1 1 1 0 1 0 1 0 1 1 1 1 1 1 1 1 1 1 1 0 1 1 1 0 0 
0 0 0 1 0 0 0 0 0 1 0 1 0 1 0 0 0 1 0 0 0 1 0 0 0 1 0 0 
0 1 0 1 0 1 1 1 1 1 0 1 0 1 0 1 1 1 0 1 1 1 0 1 0 1 0 0 
0 1 0 0 0 0 0 1 0 0 0 0 0 1 0 0 0 0 0 1 0 1 0 1 0 1 0 0 
0 1 1 1 0 1 0 1 0 1 1 1 0 1 0 1 0 1 0 1 0 1 1 1 0 1 0 0 
0 0 0 1 0 1 0 0 0 1 0 0 0 0 0 1 0 1 0 0 0 0 0 1 0 1 0 0 
0 1 0 1 1 1 1 1 1 1 1 1 0 1 1 1 1 1 0 1 0 1 1 1 0 1 0 0 
0 1 0 0 0 1 0 0 0 1 0 1 0 1 0 0 0 1 0 1 0 0 0 1 0 1 0 0 
0 1 1 1 1 1 1 1 0 1 0 1 1 1 0 1 1 1 1 1 1 1 1 1 0 3 0 0 
0 0 0 0 0 0 0 0 0 0 0 0 0 0 0 0 0 0 0 0 0 0 0 0 0 0 0 0 
0 0 0 0 0 0 0 0 0 0 0 0 0 0 0 0 0 0 0 0 0 0 0 0 0 0 0 0 
54 54 51 51
0 0 0 0 0 0 0 0 0 0 0 0 0 0 0 0 0 0 0 0 0 0 0 0 0 0 0 0 0 0 0 0 0 0 0 0 0 0 0 0 0 0 0 0 0 0 0 0 0 0 0 0 0 0 
0 2 1 1 0 1 0 1 1 1 0 1 0 1 0 1 1 1 0 1 1 1 0 1 0 1 0 1 1 1 0 1 1 1 0 1 0 1 1 1 1 1 1 1 1 1 1 1 0 1 1 1 0 0 
0 1 0 0 0 1 0 0 0 1 0 1 0 1 0 0 0 1 0 0 0 1 0 1 0 1 0 0 0 1 0 1 0 0 0 1 0 1 0 0 0 0 0 1 0 1 0 0 0 1 0 0 0 0 
0 1 1 1 0 1 0 1 1 1 1 1 1 1 0 1 0 1 0 1 1 1 1 1 0 1 1 1 1 1 0 1 1 1 1 1 1 1 0 1 1 1 1 1 0 1 1 1 0 1 1 1 0 0 
0 0 0 1 0 1 0 0 0 0 0 1 0 0 0 1 0 1 0 0 0 1 0 0 0 0 0 0 0 1 0 1 0 0 0 1 0 1 0 1 0 1 0 0 0 1 0 0 0 1 0 0 0 0 
0 1 1 1 0 1 0 1 1 1 1 1 0 1 1 1 0 1 0 1 1 1 1 1 0 1 1 1 1 1 0 1 0 1 1 1 0 1 0 1 0 1 0 1 1 1 1 1 0 1 0 1 0 0 
0 0 0 1 0 1 0 0 0 0 0 1 0 1 0 1 0 1 0 1 0 0 0 1 0 1 0 1 0 1 0 0 0 0 0 0 0 1 0 1 0 0 0 0 0 1 0 1 0 1 0 1 0 0 
0 1 1 1 1 1 1 1 1 1 0 1 0 1 0 1 0 1 1 1 0 1 1 1 0 1 0 1 0 1 1 1 1 1 0 1 1 1 0 1 1 1 0 1 1 1 0 1 1 1 1 1 0 0 
0 0 0 1 0 0 0 1 0 0 0 1 0 0 0 1 0 0 0 1 0 0 0 1 0 1 0 0 0 0 0 0 0 0 0 0 0 1 0 0 0 1 0 0 0 1 0 0 0 0 0 0 0 0 
0 1 1 1 0 1 1 1 1 1 0 1 0 1 1 1 1 1 1 1 1 1 0 1 1 1 0 1 1 1 1 1 0 1 1 1 0 1 0 1 0 1 0 1 1 1 1 1 1 1 0 1 0 0 
0 0 0 0 0 0 0 0 0 1 0 1 0 1 0 1 0 0 0 0 0 0 0 1 0 0 0 1 0 0 0 0 0 0 0 1 0 0 0 1 0 0 0 1 0 0 0 1 0 0 0 1 0 0 
0 1 0 1 1 1 0 1 1 1 1 1 1 1 0 1 1 1 1 1 0 1 0 1 1 1 1 1 0 1 1 1 0 1 0 1 0 1 1 1 0 1 1 1 0 1 1 1 1 1 1 1 0 0 
0 1 0 0 0 1 0 1 0 0 0 0 0 0 0 0 0 1 0 1 0 1 0 0 0 0 0 1 0 1 0 1 0 1 0 1 0 1 0 0 0 1 0 0 0 0 0 0 0 0 0 0 0 0 
0 1 1 1 0 1 0 1 1 1 0 1 0 1 1 1 0 1 0 1 1 1 0 1 1 1 1 1 1 1 0 1 0 1 1 1 0 1 1 1 0 1 1 1 0 1 1 1 0 1 1 1 0 0 
0 0 0 1 0 1 0 1 0 1 0 1 0 1 0 0 0 1 0 0 0 0 0 0 0 0 0 1 0 0 0 1 0 0 0 1 0 1 0 1 0 1 0 0 0 1 0 0 0 0 0 1 0 0 
0 1 1 1 0 1 0 1 0 1 0 1 1 1 1 1 1 1 0 1 1 1 1 1 1 1 1 1 1 1 0 1 1 1 1 1 1 1 0 1 1 1 1 1 1 1 1 1 0 1 1 1 0 0 
0 0 0 1 0 1 0 1 0 0 0 0 0 0 0 0 0 0 0 1 0 1 0 0 0 0 0 0 0 0 0 0 0 0 0 1 0 0 0 1 0 0 0 0 0 0 0 0 0 0 0 1 0 0 
0 1 0 1 0 1 1 1 1 1 0 1 0 1 0 1 1 1 1 1 0 1 0 1 0 1 1 1 1 1 0 1 1 1 0 1 0 1 0 1 0 1 0 1 1 1 1 1 0 1 1 1 0 0 
0 1 0 1 0 0 0 0 0 1 0 1 0 1 0 0 0 1 0 0 0 0 0 1 0 1 0 0 0 0 0 0 0 1 0 0 0 1 0 0 0 1 0 1 0 0 0 0 0 1 0 0 0 0 
0 1 0 1 1 1 1 1 0 1 0 1 1 1 1 1 1 1 1 1 0 1 1 1 0 1 1 1 0 0 0 1 1 1 1 1 0 1 0 1 1 1 0 1 0 1 1 1 1 1 0 1 0 0 
0 0 0 1 0 0 0 0 0 1 0 1 0 0 0 0 0 1 0 1 0 1 0 0 0 1 0 0 0 0 0 0 0 1 0 0 0 1 0 0 0 1 0 1 0 0 0 1 0 1 0 1 0 0 
0 1 1 1 0 1 1 1 1 1 0 1 1 1 1 1 0 1 0 1 0 1 1 1 1 1 0 1 1 1 1 1 1 1 1 1 0 1 1 1 0 1 0 1 0 1 1 1 0 1 1 1 0 0 
0 1 0 0 0 1 0 1 0 0 0 0 0 0 0 0 0 0 0 1 0 1 0 0 0 0 0 1 0 0 0 0 0 1 0 0 0 0 0 1 0 1 0 1 0 1 0 0 0 0 0 0 0 0 
0 1 1 1 1 1 0 1 1 1 0 1 0 1 1 1 0 1 1 1 1 1 0 1 1 1 0 1 0 1 0 1 0 1 0 1 1 1 1 1 1 1 0 1 1 1 0 1 1 1 1 1 0 0 
0 1 0 0 0 0 0 0 0 0 0 1 0 0 0 1 0 1 0 1 0 0 0 1 0 0 0 1 0 1 0 1 0 0 0 1 0 1 0 1 0 1 0 0 0 1 0 1 0 0 0 1 0 0 
0 1 1 1 1 1 1 1 1 1 0 1 1 1 1 1 1 1 0 1 0 1 0 1 1 1 0 1 1 1 0 1 0 1 0 1 0 1 0 1 0 1 0 1 1 1 0 1 1 1 0 1 0 0 
0 0 0 0 0 1 0 0 0 1 0 0 0 0 0 0 0 1 0 1 0 1 0 1 0 1 0 1 0 1 0 1 0 1 0 0 0 1 0 1 0 1 0 0 0 1 0 0 0 1 0 0 0 0 
0 1 1 1 1 1 0 1 0 1 0 1 1 1 1 1 0 1 0 1 0 1 0 1 0 1 0 1 0 1 1 1 1 1 0 1 1 1 0 1 0 1 0 1 0 1 0 1 0 1 1 1 0 0 
0 1 0 0 0 1 0 1 0 1 0 1 0 1 0 0 0 1 0 0 0 1 0 0 0 1 0 1 0 0 0 0 0 1 0 1 0 0 0 0 0 1 0 1 0 1 0 1 0 1 0 0 0 0 
0 1 0 1 1 1 1 1 0 1 1 1 0 1 0 1 1 1 0 1 0 1 0 1 1 1 1 1 0 1 1 1 1 1 0 1 0 1 0 1 0 1 1 1 1 1 1 1 1 1 0 1 0 0 
0 0 0 0 0 0 0 0 0 0 0 1 0 0 0 1 0 0 0 1 0 1 0 0 0 0 0 0 0 0 0 1 0 0 0 1 0 1 0 1 0 1 0 0 0 1 0 1 0 1 0 1 0 0 
0 1 1 1 1 1 1 1 1 1 0 1 0 1 0 1 0 1 1 1 0 1 1 1 1 1 1 1 1 1 1 1 1 1 1 1 1 1 0 1 1 1 0 1 1 1 0 1 0 1 1 1 0 0 
0 1 0 0 0 1 0 0 0 1 0 0 0 1 0 1 0 1 0 0 0 0 0 0 0 0 0 0 0 0 0 0 0 1 0 1 0 0 0 0 0 1 0 0 0 1 0 1 0 0 0 1 0 0 
0 1 0 1 1 1 0 1 1 1 1 1 0 1 0 1 1 1 1 1 1 1 1 1 1 1 0 1 1 1 1 1 0 1 0 1 0 1 0 1 1 1 1 1 0 1 0 1 0 1 1 1 0 0 
0 0 0 0 0 1 0 1 0 0 0 1 0 1 0 1 0 1 0 0 0 1 0 0 0 1 0 1 0 1 0 1 0 0 0 0 0 1 0 1 0 0 0 1 0 1 0 0 0 1 0 0 0 0 
0 1 1 1 0 1 0 1 1 1 0 1 1 1 0 1 0 1 0 1 1 1 1 1 0 1 0 1 0 1 0 1 1 1 1 1 0 1 0 1 1 1 0 1 0 1 0 1 1 1 1 1 0 0 
0 1 0 0 0 1 0 0 0 1 0 0 0 1 0 1 0 1 0 1 0 1 0 1 0 1 0 0 0 0 0 0 0 0 0 1 0 1 0 0 0 1 0 1 0 1 0 0 0 0 0 0 0 0 
0 1 1 1 1 1 0 1 1 1 0 1 0 1 0 1 0 1 0 1 0 1 0 1 0 157 57 55 55
0 0 0 0 0 0 0 0 0 0 0 0 0 0 0 0 0 0 0 0 0 0 0 0 0 0 0 0 0 0 0 0 0 0 0 0 0 0 0 0 0 0 0 0 0 0 0 0 0 0 0 0 0 0 0 0 0 
0 2 1 1 1 1 0 1 1 1 1 1 1 1 0 1 0 1 0 1 1 1 0 1 0 1 1 1 0 1 1 1 1 1 1 1 1 1 0 1 1 1 0 1 0 1 1 1 0 1 0 1 0 1 0 1 0 
0 0 0 1 0 0 0 0 0 0 0 1 0 0 0 1 0 1 0 1 0 0 0 1 0 1 0 0 0 1 0 0 0 0 0 1 0 0 0 0 0 1 0 1 0 1 0 0 0 1 0 1 0 1 0 1 0 
0 1 0 1 1 1 1 1 0 1 1 1 0 1 1 1 1 1 1 1 1 1 0 1 1 1 1 1 0 1 0 1 0 1 1 1 1 1 1 1 1 1 0 1 0 1 0 1 1 1 1 1 1 1 0 1 0 
0 1 0 1 0 0 0 1 0 1 0 0 0 1 0 0 0 0 0 0 0 1 0 1 0 1 0 1 0 1 0 1 0 0 0 0 0 0 0 1 0 1 0 0 0 1 0 0 0 0 0 0 0 1 0 0 0 
0 1 0 1 1 1 0 1 1 1 1 1 0 1 1 1 0 1 1 1 1 1 0 1 0 1 0 1 1 1 0 1 1 1 1 1 1 1 1 1 0 1 1 1 0 1 0 1 1 1 1 1 0 1 1 1 0 
0 1 0 1 0 0 0 1 0 1 0 0 0 1 0 0 0 1 0 1 0 0 0 1 0 0 0 1 0 0 0 0 0 0 0 0 0 0 0 1 0 1 0 1 0 1 0 0 0 0 0 1 0 0 0 1 0 
0 1 1 1 1 1 0 1 0 1 0 1 1 1 1 1 0 1 0 1 0 1 1 1 0 1 1 1 0 1 1 1 0 1 1 1 0 1 0 1 0 1 0 1 1 1 1 1 0 1 1 1 0 1 0 1 0 
0 1 0 0 0 0 0 1 0 0 0 1 0 0 0 1 0 0 0 0 0 0 0 1 0 1 0 0 0 0 0 1 0 1 0 0 0 1 0 0 0 1 0 1 0 0 0 1 0 0 0 1 0 1 0 1 0 
0 1 0 1 1 1 1 1 1 1 0 1 0 1 0 1 1 1 1 1 0 1 0 1 0 1 1 1 0 1 1 1 0 1 1 1 1 1 1 1 1 1 0 1 1 1 0 1 1 1 1 1 0 1 1 1 0 
0 1 0 0 0 0 0 1 0 1 0 1 0 1 0 1 0 0 0 0 0 1 0 0 0 1 0 0 0 1 0 0 0 1 0 0 0 0 0 0 0 1 0 0 0 1 0 0 0 1 0 1 0 1 0 1 0 
0 1 0 1 0 1 1 1 0 1 0 1 1 1 0 1 0 1 0 1 1 1 1 1 0 1 1 1 0 1 1 1 1 1 0 1 1 1 0 1 1 1 0 1 1 1 0 1 0 1 0 1 1 1 0 1 0 
0 0 0 1 0 1 0 0 0 0 0 0 0 0 0 1 0 1 0 1 0 1 0 0 0 1 0 0 0 1 0 0 0 1 0 0 0 1 0 1 0 0 0 0 0 1 0 1 0 1 0 0 0 0 0 0 0 
0 1 0 1 0 1 0 1 0 1 1 1 0 1 1 1 1 1 0 1 0 1 1 1 0 1 0 1 0 1 1 1 0 1 0 1 1 1 1 1 1 1 1 1 0 1 0 1 0 1 1 1 1 1 1 1 0 
0 1 0 1 0 1 0 1 0 1 0 0 0 0 0 0 0 1 0 0 0 1 0 1 0 0 0 1 0 1 0 1 0 0 0 0 0 1 0 1 0 1 0 0 0 0 0 1 0 1 0 1 0 0 0 0 0 
0 1 1 1 1 1 1 1 0 1 1 1 1 1 1 1 1 1 1 1 0 1 0 1 0 1 0 1 1 1 0 1 0 1 1 1 1 1 0 1 0 1 1 1 0 1 0 1 1 1 0 1 1 1 1 1 0 
0 1 0 0 0 0 0 1 0 0 0 0 0 0 0 0 0 1 0 0 0 1 0 0 0 1 0 0 0 0 0 1 0 0 0 1 0 1 0 1 0 1 0 1 0 1 0 1 0 0 0 1 0 1 0 0 0 
0 1 1 1 0 1 1 1 1 1 1 1 1 1 1 1 1 1 1 1 1 1 0 1 1 1 1 1 1 1 1 1 1 1 0 1 0 1 0 1 0 1 0 1 0 1 1 1 0 1 0 1 0 1 0 1 0 
0 1 0 1 0 0 0 0 0 0 0 0 0 1 0 0 0 0 0 0 0 1 0 0 0 1 0 1 0 1 0 0 0 0 0 0 0 1 0 0 0 0 0 1 0 0 0 0 0 1 0 1 0 0 0 1 0 
0 1 0 1 1 1 1 1 0 1 1 1 1 1 1 1 1 1 0 1 0 1 1 1 0 1 0 1 0 1 0 1 1 1 0 1 0 1 0 1 1 1 0 1 0 1 0 1 1 1 1 1 1 1 1 1 0 
0 0 0 0 0 1 0 1 0 0 0 1 0 1 0 0 0 1 0 1 0 0 0 0 0 1 0 0 0 1 0 1 0 1 0 1 0 1 0 0 0 1 0 1 0 1 0 0 0 1 0 0 0 0 0 0 0 
0 1 0 1 1 1 0 1 0 1 1 1 0 1 0 1 1 1 1 1 0 1 1 1 1 1 0 1 1 1 1 1 0 1 0 1 0 1 1 1 1 1 0 1 1 1 1 1 0 1 1 1 1 1 0 1 0 
0 1 0 0 0 0 0 0 0 0 0 1 0 1 0 0 0 1 0 1 0 0 0 0 0 0 0 0 0 0 0 1 0 0 0 1 0 1 0 0 0 1 0 0 0 1 0 0 0 0 0 1 0 0 0 1 0 
0 1 1 1 0 1 1 1 1 1 0 1 0 1 0 1 1 1 0 1 0 1 1 1 0 0 0 1 0 1 1 1 0 1 0 1 0 1 1 1 0 1 1 1 0 1 0 1 1 1 1 1 1 1 0 1 0 
0 1 0 0 0 1 0 1 0 0 0 1 0 1 0 1 0 1 0 0 0 1 0 0 0 0 0 1 0 1 0 0 0 1 0 1 0 0 0 0 0 0 0 0 0 0 0 1 0 0 0 1 0 0 0 0 0 
0 1 0 1 1 1 0 1 1 1 1 1 0 1 0 1 0 1 1 1 1 1 1 1 0 1 1 1 1 1 1 1 0 1 1 1 0 1 0 1 0 1 1 1 0 1 1 1 1 1 0 1 1 1 1 1 0 
0 1 0 0 0 0 0 1 0 0 0 0 0 1 0 0 0 0 0 0 0 0 0 0 0 0 0 0 0 0 0 0 0 1 0 0 0 1 0 1 0 0 0 1 0 0 0 1 0 0 0 0 0 0 0 1 0 
0 1 1 1 1 1 1 1 1 1 0 1 1 1 1 1 1 1 1 1 0 1 0 1 1 1 1 1 0 1 1 1 1 1 1 1 0 1 1 1 0 1 0 1 1 1 1 1 0 0 0 0 0 1 0 1 0 
0 1 0 0 0 1 0 0 0 0 0 0 0 0 0 1 0 0 0 1 0 1 0 0 0 1 0 1 0 1 0 0 0 0 0 1 0 0 0 1 0 1 0 0 0 0 0 0 0 0 0 0 0 1 0 1 0 
0 1 1 1 0 1 1 1 1 1 1 1 1 1 0 1 0 1 1 1 1 1 1 1 1 1 0 1 0 1 0 1 0 1 0 1 0 1 0 1 1 1 1 1 1 1 1 1 1 1 0 1 0 1 0 1 0 
0 0 0 0 0 1 0 1 0 0 0 0 0 1 0 0 0 1 0 0 0 0 0 1 0 1 0 1 0 1 0 1 0 1 0 1 0 1 0 0 0 1 0 0 0 1 0 1 0 0 0 1 0 1 0 1 0 
0 1 1 1 0 1 0 1 0 1 0 1 1 1 0 1 0 1 0 1 0 1 1 1 0 1 0 1 1 1 0 1 1 1 0 1 0 1 1 1 0 1 1 1 0 1 0 1 1 1 1 1 1 1 1 1 0 
0 1 0 0 0 1 0 1 0 1 0 0 0 0 0 1 0 1 0 1 0 0 0 1 0 0 0 0 0 1 0 0 0 1 0 1 0 1 0 0 0 1 0 0 0 1 0 0 0 1 0 1 0 1 0 0 0 
0 1 1 1 1 1 0 1 0 1 0 1 0 1 0 1 1 1 0 1 0 1 1 1 0 1 1 1 1 1 1 1 1 1 0 1 1 1 0 1 1 1 0 1 0 1 0 1 1 1 0 1 0 1 1 1 0 
0 1 0 0 0 0 0 0 0 1 0 1 0 1 0 0 0 1 0 1 0 0 0 0 0 0 0 1 0 0 0 0 0 0 0 1 0 1 0 0 0 0 0 1 0 1 0 0 0 0 0 0 0 0 0 1 0 
0 1 1 1 0 1 1 1 0 1 1 1 1 1 0 1 1 1 1 1 0 0 0 1 1 1 1 1 1 113 13 11 11
0 0 0 0 0 0 0 0 0 0 0 0 0 
0 2 1 1 1 1 0 1 1 1 1 1 0 
0 0 0 1 0 0 0 0 0 1 0 1 0 
0 1 1 1 1 1 1 1 1 1 0 1 0 
0 1 0 1 0 1 0 1 0 0 0 1 0 
0 1 0 1 0 1 0 1 0 1 1 1 0 
0 0 0 0 0 0 0 0 0 1 0 0 0 
0 1 1 1 1 1 1 1 0 1 1 1 0 
0 1 0 0 0 0 0 0 0 1 0 0 0 
0 1 0 1 1 1 1 1 1 1 1 1 0 
0 1 0 0 0 1 0 0 0 1 0 1 0 
0 1 1 1 1 1 0 1 1 1 0 3 0 
0 0 0 0 0 0 0 0 0 0 0 0 0 
24 24 21 21
0 0 0 0 0 0 0 0 0 0 0 0 0 0 0 0 0 0 0 0 0 0 0 0 
0 2 1 1 1 1 1 1 1 1 0 1 1 1 1 1 0 1 1 1 0 1 0 0 
0 0 0 1 0 1 0 0 0 1 0 1 0 0 0 0 0 0 0 1 0 1 0 0 
0 1 1 1 0 1 1 1 0 1 1 1 0 1 1 1 1 1 1 1 1 1 0 0 
0 0 0 0 0 1 0 1 0 0 0 0 0 1 0 1 0 0 0 0 0 0 0 0 
0 1 1 1 1 1 0 1 1 1 1 1 1 1 0 1 1 1 1 1 1 1 0 0 
0 1 0 0 0 1 0 0 0 0 0 0 0 1 0 0 0 0 0 1 0 0 0 0 
0 1 0 1 0 1 1 1 0 1 0 1 1 1 0 1 0 1 1 1 0 1 0 0 
0 0 0 1 0 0 0 0 0 1 0 1 0 1 0 1 0 1 0 0 0 1 0 0 
0 1 1 1 1 1 0 1 1 1 0 1 0 1 0 1 1 1 1 1 1 1 0 0 
0 0 0 0 0 1 0 1 0 1 0 0 0 1 0 1 0 0 0 1 0 0 0 0 
0 1 1 1 0 1 0 1 0 1 1 1 1 1 0 1 0 1 0 1 1 1 0 0 
0 1 0 1 0 1 0 0 0 0 0 1 0 1 0 1 0 1 0 0 0 0 0 0 
0 1 0 1 1 1 0 1 1 1 1 1 0 1 0 1 1 1 0 1 0 1 0 0 
0 1 0 1 0 0 0 0 0 0 0 1 0 0 0 0 0 1 0 1 0 1 0 0 
0 1 0 1 1 1 1 1 1 1 1 1 0 1 1 1 1 1 1 1 0 1 0 0 
0 0 0 0 0 1 0 0 0 1 0 0 0 0 0 1 0 0 0 1 0 1 0 0 
0 1 1 1 1 1 1 1 0 1 0 1 1 1 0 1 0 1 1 1 1 1 0 0 
0 0 0 1 0 1 0 1 0 0 0 1 0 1 0 0 0 1 0 1 0 1 0 0 
0 1 1 1 0 1 0 1 0 1 0 1 0 1 1 1 1 1 0 1 0 1 0 0 
0 1 0 1 0 0 0 0 0 1 0 1 0 0 0 1 0 1 0 0 0 1 0 0 
0 1 0 1 0 1 1 1 1 1 1 1 1 1 0 1 0 1 1 1 0 3 0 0 
0 0 0 0 0 0 0 0 0 0 0 0 0 0 0 0 0 0 0 0 0 0 0 0 
0 0 0 0 0 0 0 0 0 0 0 0 0 0 0 0 0 0 0 0 0 0 0 0 
31 31 29 29
0 0 0 0 0 0 0 0 0 0 0 0 0 0 0 0 0 0 0 0 0 0 0 0 0 0 0 0 0 0 0 
0 2 1 1 0 1 1 1 0 1 0 1 1 1 1 1 1 1 1 1 1 1 0 1 1 1 0 1 1 1 0 
0 1 0 0 0 0 0 1 0 1 0 1 0 1 0 0 0 0 0 0 0 1 0 1 0 0 0 0 0 1 0 
0 1 1 1 0 1 1 1 0 1 0 1 0 1 0 1 1 1 1 1 0 1 0 1 1 1 0 1 1 1 0 
0 1 0 0 0 0 0 1 0 1 0 1 0 0 0 0 0 1 0 1 0 0 0 0 0 1 0 1 0 0 0 
0 1 1 1 1 1 0 1 1 1 0 1 1 1 1 1 1 1 0 1 1 1 1 1 1 1 1 1 0 1 0 
0 0 0 0 0 1 0 1 0 1 0 1 0 0 0 1 0 0 0 0 0 0 0 0 0 1 0 1 0 1 0 
0 1 1 1 1 1 0 1 0 1 0 1 1 1 0 1 0 1 0 1 1 1 1 1 0 1 0 1 1 1 0 
0 1 0 0 0 1 0 0 0 1 0 0 0 0 0 1 0 1 0 1 0 0 0 0 0 1 0 0 0 0 0 
0 1 0 1 0 1 1 1 1 1 1 1 0 1 1 1 1 1 0 1 1 1 0 1 1 1 0 1 1 1 0 
0 0 0 1 0 0 0 0 0 0 0 1 0 0 0 1 0 0 0 0 0 1 0 1 0 0 0 1 0 0 0 
0 1 1 1 1 1 1 1 0 1 0 1 0 1 1 1 1 1 0 1 1 1 1 1 1 1 1 1 0 1 0 
0 1 0 1 0 0 0 0 0 1 0 1 0 0 0 1 0 1 0 0 0 1 0 0 0 0 0 0 0 1 0 
0 1 0 1 1 1 0 1 1 1 1 1 1 1 1 1 0 1 1 1 0 1 1 1 1 1 1 1 1 1 0 
0 0 0 0 0 1 0 0 0 0 0 1 0 0 0 1 0 0 0 1 0 0 0 1 0 0 0 1 0 1 0 
0 1 1 1 1 1 1 1 0 1 0 1 1 1 0 1 1 1 0 1 0 1 1 1 0 1 1 1 0 1 0 
0 0 0 1 0 1 0 0 0 1 0 0 0 0 0 0 0 0 0 1 0 1 0 0 0 0 0 1 0 1 0 
0 1 0 1 0 1 0 1 0 1 1 1 1 1 0 1 0 1 1 1 0 1 1 1 1 1 0 1 0 1 0 
0 1 0 1 0 0 0 1 0 0 0 0 0 1 0 1 0 0 0 0 0 0 0 1 0 1 0 0 0 1 0 
0 1 1 1 1 1 1 1 1 1 0 1 1 1 1 1 1 1 0 1 1 1 0 1 0 1 0 1 0 1 0 
0 0 0 0 0 1 0 0 0 1 0 0 0 0 0 1 0 0 0 0 0 1 0 0 0 1 0 1 0 0 0 
0 1 1 1 1 1 1 1 0 1 1 1 0 1 1 1 1 1 0 1 1 1 0 1 0 1 1 1 1 1 0 
0 1 0 0 0 0 0 0 0 1 0 0 0 0 0 1 0 0 0 1 0 0 0 1 0 1 0 0 0 1 0 
0 1 0 1 0 1 1 1 0 1 1 1 0 1 1 1 1 1 0 1 1 1 1 1 1 1 0 1 1 1 0 
0 0 0 1 0 1 0 0 0 1 0 1 0 1 0 1 0 0 0 1 0 0 0 0 0 0 0 1 0 0 0 
0 1 1 1 0 1 1 1 1 1 0 1 1 1 0 1 0 1 1 1 1 1 0 1 0 1 1 1 1 1 0 
0 1 0 0 0 0 0 1 0 0 0 1 0 1 0 1 0 0 0 0 0 0 0 1 0 1 0 0 0 0 0 
0 1 1 1 1 1 1 1 1 1 0 1 0 1 0 1 1 1 0 1 1 1 1 1 1 1 1 1 0 1 0 
0 0 0 0 0 1 0 0 0 1 0 0 0 1 0 0 0 1 0 1 0 0 0 1 0 0 0 1 0 1 0 
0 1 1 1 1 1 1 1 0 1 0 1 1 1 0 1 1 1 1 1 1 1 0 1 1 1 0 1 1 3 0 
0 0 0 0 0 0 0 0 0 0 0 0 0 0 0 0 0 0 0 0 0 0 0 0 0 0 0 0 0 0 0 
36 36 33 33
0 0 0 0 0 0 0 0 0 0 0 0 0 0 0 0 0 0 0 0 0 0 0 0 0 0 0 0 0 0 0 0 0 0 0 0 
0 2 1 1 0 1 1 1 1 1 0 1 0 1 1 1 0 1 1 1 1 1 0 1 1 1 1 1 1 1 1 1 1 1 0 0 
0 1 0 0 0 1 0 1 0 0 0 1 0 0 0 1 0 1 0 1 0 1 0 0 0 1 0 0 0 1 0 0 0 1 0 0 
0 1 1 1 0 1 0 1 0 1 1 1 1 1 1 1 0 1 0 1 0 1 0 1 1 1 0 1 1 1 1 1 0 1 0 0 
0 0 0 1 0 1 0 0 0 0 0 1 0 0 0 0 0 0 0 1 0 0 0 1 0 0 0 0 0 1 0 1 0 0 0 0 
0 1 0 1 1 1 1 1 1 1 0 1 1 1 1 1 1 1 0 1 1 1 0 1 0 1 0 1 1 1 0 1 0 1 0 0 
0 1 0 1 0 1 0 1 0 0 0 1 0 1 0 1 0 0 0 1 0 0 0 0 0 1 0 1 0 1 0 0 0 1 0 0 
0 1 1 1 0 1 0 1 0 1 1 1 0 1 0 1 1 1 1 1 0 1 1 1 0 1 0 1 0 1 1 1 0 1 0 0 
0 0 0 0 0 0 0 1 0 0 0 1 0 1 0 1 0 0 0 0 0 0 0 1 0 1 0 0 0 0 0 1 0 1 0 0 
0 1 1 1 0 1 1 1 0 1 0 1 0 1 0 1 0 1 0 1 0 1 1 1 0 1 1 1 1 1 1 1 1 1 0 0 
0 1 0 1 0 1 0 0 0 1 0 1 0 0 0 1 0 1 0 1 0 0 0 1 0 1 0 0 0 1 0 1 0 0 0 0 
0 1 0 1 1 1 1 1 1 1 1 1 0 1 1 1 1 1 1 1 0 1 1 1 0 1 1 1 0 1 0 1 1 1 0 0 
0 0 0 0 0 0 0 1 0 0 0 0 0 0 0 0 0 0 0 1 0 1 0 0 0 1 0 1 0 0 0 0 0 0 0 0 
0 1 1 1 0 1 0 1 1 1 1 1 1 1 1 1 1 1 0 1 0 1 1 1 1 1 0 1 0 1 1 1 1 1 0 0 
0 1 0 0 0 1 0 0 0 0 0 0 0 0 0 1 0 1 0 0 0 0 0 0 0 1 0 0 0 1 0 1 0 0 0 0 
0 1 1 1 0 1 1 1 1 1 1 1 1 1 1 1 0 1 0 1 1 1 0 1 1 1 0 1 1 1 0 1 1 1 0 0 
0 0 0 1 0 1 0 0 0 1 0 1 0 0 0 0 0 0 0 0 0 1 0 1 0 0 0 0 0 0 0 1 0 1 0 0 
0 1 1 1 1 1 0 1 0 1 0 1 1 1 1 1 1 1 1 1 1 1 0 1 1 1 1 1 0 1 1 1 0 1 0 0 
0 1 0 0 0 1 0 1 0 1 0 1 0 0 0 1 0 0 0 1 0 0 0 1 0 0 0 0 0 0 0 1 0 0 0 0 
0 1 0 1 0 1 1 1 0 1 0 1 0 1 1 1 0 1 1 1 1 1 1 1 0 1 1 1 1 1 1 1 1 1 0 0 
0 0 0 1 0 0 0 0 0 0 0 0 0 1 0 0 0 0 0 0 0 1 0 0 0 0 0 1 0 0 0 1 0 0 0 0 
0 1 1 1 0 1 1 1 1 1 0 1 1 1 1 1 1 1 1 1 0 1 1 1 1 1 0 1 0 1 0 1 1 1 0 0 
0 1 0 0 0 0 0 0 0 1 0 0 0 1 0 0 0 0 0 0 0 0 0 1 0 1 0 1 0 1 0 0 0 1 0 0 
0 1 1 1 0 1 0 1 1 1 0 1 1 1 0 1 1 1 1 1 1 1 1 1 0 1 0 1 1 1 0 1 1 1 0 0 
0 1 0 1 0 1 0 0 0 1 0 1 0 0 0 0 0 0 0 0 0 0 0 1 0 0 0 0 0 0 0 0 0 1 0 0 
0 1 0 1 1 1 0 1 0 1 0 1 0 1 1 1 0 1 1 1 1 1 1 1 1 1 1 1 1 1 0 1 1 1 0 0 
0 0 0 1 0 0 0 1 0 1 0 1 0 0 0 1 0 0 0 0 0 1 0 0 0 1 0 0 0 0 0 0 0 1 0 0 
0 1 1 1 1 1 1 1 0 1 1 1 1 1 0 1 1 1 1 1 1 1 1 1 0 1 0 1 1 1 1 1 1 1 0 0 
0 0 0 1 0 0 0 0 0 0 0 1 0 0 0 0 0 0 0 0 0 0 0 1 0 0 0 1 0 0 0 1 0 1 0 0 
0 1 0 1 1 1 0 1 1 1 0 1 1 1 0 1 1 1 0 1 1 1 1 1 0 1 0 1 0 1 1 1 0 1 0 0 
0 1 0 1 0 0 0 0 0 1 0 0 0 1 0 1 0 1 0 0 0 0 0 1 0 1 0 1 0 0 0 0 0 1 0 0 
0 1 1 1 1 1 0 1 1 1 1 1 1 1 0 1 0 1 1 1 1 1 1 1 1 1 0 1 1 1 1 1 0 1 0 0 
0 0 0 1 0 0 0 1 0 1 0 1 0 1 0 0 0 1 0 1 0 0 0 0 0 1 0 1 0 0 0 0 0 1 0 0 
0 1 1 1 1 1 1 1 0 1 0 1 0 1 0 1 1 1 0 1 1 1 0 1 1 1 1 1 1 1 1 1 0 3 0 0 
0 0 0 0 0 0 0 0 0 0 0 0 0 0 0 0 0 0 0 0 0 0 0 0 0 0 0 0 0 0 0 0 0 0 0 0 
0 0 0 0 0 0 0 0 0 0 0 0 0 0 0 0 0 0 0 0 0 0 0 0 0 0 0 0 0 0 0 0 0 0 0 0 
 1 1 0 1 0 1 1 1 0 1 1 1 1 1 0 1 0 1 0 1 0 1 1 1 0 1 0 0 
0 0 0 0 0 0 0 0 0 0 0 1 0 1 0 0 0 0 0 1 0 0 0 1 0 0 0 0 0 1 0 0 0 1 0 1 0 1 0 0 0 1 0 0 0 0 0 0 0 1 0 1 0 0 
0 1 0 1 0 1 1 1 0 1 0 1 1 1 0 1 1 1 1 1 1 1 0 1 0 0 0 1 1 1 0 1 0 1 0 1 0 1 0 1 1 1 1 1 0 1 1 1 1 1 0 1 0 0 
0 1 0 1 0 0 0 1 0 1 0 1 0 0 0 1 0 0 0 0 0 1 0 1 0 0 0 0 0 1 0 1 0 1 0 1 0 1 0 1 0 1 0 0 0 1 0 0 0 1 0 1 0 0 
0 1 0 1 0 1 1 1 1 1 1 1 1 1 1 1 0 1 1 1 0 1 0 1 1 1 1 1 0 1 1 1 1 1 1 1 0 1 1 1 0 1 1 1 1 1 0 1 0 1 1 1 0 0 
0 1 0 1 0 0 0 1 0 0 0 0 0 1 0 1 0 1 0 1 0 0 0 0 0 1 0 0 0 1 0 1 0 0 0 1 0 0 0 0 0 1 0 1 0 0 0 1 0 0 0 1 0 0 
0 1 1 1 1 1 1 1 0 1 1 1 1 1 0 1 0 1 0 1 1 1 1 1 0 1 0 1 0 1 0 1 1 1 0 1 0 1 1 1 0 1 0 1 1 1 1 1 1 1 0 1 0 0 
0 0 0 1 0 1 0 1 0 0 0 0 0 1 0 0 0 1 0 0 0 0 0 0 0 1 0 1 0 0 0 1 0 1 0 0 0 1 0 0 0 0 0 1 0 1 0 0 0 1 0 0 0 0 
0 0 0 1 0 1 0 1 0 1 1 1 1 1 0 1 0 1 1 1 0 1 1 1 0 1 0 1 0 0 0 1 0 1 1 1 0 1 0 1 0 1 1 1 0 1 0 1 1 1 0 1 0 0 
0 0 0 1 0 0 0 0 0 0 0 1 0 1 0 1 0 1 0 0 0 1 0 0 0 0 0 1 0 0 0 1 0 1 0 0 0 1 0 1 0 0 0 1 0 0 0 1 0 1 0 1 0 0 
0 1 0 1 1 1 0 1 1 1 1 1 0 1 1 1 0 1 0 1 1 1 1 1 1 1 1 1 0 0 0 1 0 1 1 1 1 1 1 1 0 1 1 1 1 1 0 1 0 1 1 1 0 0 
0 1 0 0 0 1 0 0 0 0 0 0 0 0 0 0 0 1 0 1 0 0 0 0 0 0 0 0 0 0 0 1 0 1 0 1 0 1 0 0 0 0 0 0 0 0 0 0 0 1 0 1 0 0 
0 1 1 1 1 1 1 1 0 1 0 1 0 1 1 1 0 1 1 1 1 1 1 1 0 1 0 1 1 1 0 1 0 1 0 1 0 1 0 1 1 1 0 1 1 1 0 1 1 1 0 1 0 0 
0 0 0 1 0 1 0 0 0 1 0 1 0 0 0 1 0 0 0 0 0 1 0 0 0 1 0 1 0 1 0 1 0 1 0 0 0 0 0 0 0 1 0 0 0 1 0 1 0 1 0 0 0 0 
0 0 0 1 0 1 1 1 1 1 1 1 1 1 1 1 1 1 1 1 1 1 1 1 1 1 1 1 0 1 1 1 0 1 1 1 0 0 0 1 1 1 1 1 1 1 1 1 0 1 1 3 0 0 
0 0 0 0 0 0 0 0 0 0 0 0 0 0 0 0 0 0 0 0 0 0 0 0 0 0 0 0 0 0 0 0 0 0 0 0 0 0 0 0 0 0 0 0 0 0 0 0 0 0 0 0 0 0 
0 0 0 0 0 0 0 0 0 0 0 0 0 0 0 0 0 0 0 0 0 0 0 0 0 0 0 0 0 0 0 0 0 0 0 0 0 0 0 0 0 0 0 0 0 0 0 0 0 0 0 0 0 0 
42 42 39 39
0 0 0 0 0 0 0 0 0 0 0 0 0 0 0 0 0 0 0 0 0 0 0 0 0 0 0 0 0 0 0 0 0 0 0 0 0 0 0 0 0 0 
0 2 1 1 0 1 1 1 0 1 1 1 0 1 1 1 1 1 0 1 1 1 0 1 1 1 1 1 0 1 1 1 0 1 1 1 1 1 1 1 0 0 
0 0 0 1 0 0 0 1 0 1 0 0 0 1 0 1 0 0 0 0 0 1 0 1 0 0 0 0 0 1 0 1 0 1 0 0 0 0 0 0 0 0 
0 1 1 1 0 1 0 1 1 1 0 1 1 1 0 1 0 1 1 1 0 1 0 1 0 1 1 1 1 1 0 1 1 1 1 1 0 1 1 1 0 0 
0 1 0 0 0 1 0 1 0 0 0 0 0 1 0 1 0 0 0 1 0 1 0 1 0 1 0 0 0 0 0 0 0 0 0 0 0 1 0 0 0 0 
0 1 1 1 0 1 0 1 0 1 1 1 0 1 0 1 1 1 1 1 0 1 1 1 1 1 1 1 1 1 1 1 0 1 1 1 0 1 0 1 0 0 
0 0 0 1 0 1 0 1 0 1 0 1 0 1 0 1 0 0 0 1 0 0 0 1 0 0 0 1 0 0 0 0 0 0 0 1 0 1 0 1 0 0 
0 1 1 1 1 1 1 1 1 1 0 1 0 1 0 1 0 1 1 1 0 1 1 1 1 1 0 1 0 1 1 1 0 1 1 1 0 1 0 1 0 0 
0 0 0 0 0 1 0 1 0 0 0 0 0 1 0 0 0 0 0 1 0 1 0 0 0 1 0 0 0 0 0 1 0 0 0 1 0 1 0 1 0 0 
0 1 1 1 1 1 0 1 0 1 1 1 0 1 0 1 1 1 0 1 1 1 0 1 1 1 0 1 1 1 0 1 0 1 1 1 0 1 1 1 0 0 
0 1 0 0 0 0 0 1 0 1 0 0 0 1 0 0 0 1 0 1 0 0 0 1 0 1 0 1 0 0 0 1 0 1 0 1 0 1 0 1 0 0 
0 1 0 1 0 1 0 1 1 1 0 1 1 1 0 1 1 1 0 1 0 1 0 1 0 1 0 1 1 1 0 1 0 1 0 1 1 1 0 1 0 0 
0 0 0 1 0 1 0 0 0 1 0 0 0 1 0 1 0 0 0 1 0 1 0 1 0 1 0 0 0 1 0 1 0 1 0 1 0 0 0 0 0 0 
0 1 0 1 1 1 0 1 1 1 0 1 1 1 0 1 0 1 0 1 0 1 1 1 0 1 1 1 1 1 1 1 0 1 0 1 1 1 1 1 0 0 
0 1 0 1 0 1 0 0 0 1 0 1 0 1 0 1 0 1 0 0 0 1 0 1 0 1 0 1 0 0 0 0 0 1 0 0 0 0 0 1 0 0 
0 1 1 1 0 1 1 1 0 1 1 1 0 1 0 1 1 1 1 1 1 1 0 1 0 1 0 1 1 1 0 1 0 1 1 1 0 1 0 1 0 0 
0 1 0 1 0 0 0 1 0 1 0 1 0 1 0 1 0 1 0 1 0 1 0 0 0 1 0 0 0 1 0 1 0 1 0 1 0 1 0 1 0 0 
0 1 0 1 0 1 0 1 1 1 0 1 0 1 0 1 0 1 0 1 0 1 0 1 1 1 0 1 1 1 1 1 1 1 0 1 1 1 0 1 0 0 
0 0 0 0 0 1 0 1 0 1 0 0 0 0 0 1 0 0 0 1 0 1 0 0 0 0 0 1 0 1 0 1 0 0 0 1 0 0 0 1 0 0 
0 1 1 1 1 1 1 1 0 1 0 1 0 1 0 1 1 1 0 1 0 1 1 1 0 1 1 1 0 1 0 1 0 1 1 1 1 1 0 1 0 0 
0 1 0 0 0 0 0 1 0 1 0 1 0 1 0 0 0 0 0 1 0 0 0 0 0 0 0 0 0 1 0 0 0 0 0 0 0 0 0 1 0 0 
0 1 0 1 0 1 0 1 0 1 0 1 0 1 1 1 0 1 1 1 0 1 0 1 1 1 0 1 1 1 1 1 0 1 1 1 1 1 1 1 0 0 
0 1 0 1 0 1 0 1 0 0 0 1 0 1 0 0 0 0 0 0 0 1 0 0 0 1 0 0 0 0 0 0 0 1 0 1 0 0 0 1 0 0 
0 1 1 1 0 1 1 1 1 1 1 1 1 1 1 1 0 1 1 1 0 1 1 1 0 1 1 1 1 1 1 1 0 1 0 1 0 1 0 1 0 0 
0 0 0 0 0 1 0 1 0 1 0 1 0 0 0 0 0 0 0 1 0 1 0 0 0 1 0 1 0 1 0 0 0 1 0 0 0 1 0 1 0 0 
0 1 0 1 1 1 0 1 0 1 0 1 1 1 1 1 1 1 1 1 0 1 0 1 1 1 0 1 0 1 1 1 0 1 0 1 1 1 1 1 0 0 
0 1 0 1 0 1 0 0 0 0 0 0 0 0 0 0 0 0 0 1 0 1 0 0 0 1 0 0 0 1 0 0 0 1 0 1 0 0 0 0 0 0 
0 1 1 1 0 1 1 1 0 1 1 1 1 1 0 1 1 1 1 1 1 1 0 1 1 1 1 1 0 1 0 1 1 1 0 1 0 1 1 1 0 0 
0 1 0 0 0 1 0 1 0 0 0 1 0 1 0 1 0 0 0 0 0 1 0 1 0 0 0 0 0 0 0 0 0 0 0 1 0 0 0 1 0 0 
0 1 0 1 0 1 0 1 1 1 0 1 0 1 1 1 0 1 1 1 0 1 0 1 1 1 0 1 1 1 0 1 0 1 1 1 1 1 1 1 0 0 
0 1 0 1 0 1 0 0 0 0 0 1 0 1 0 0 0 1 0 1 0 0 0 0 0 1 0 0 0 1 0 1 0 0 0 0 0 1 0 1 0 0 
0 1 0 1 1 1 1 1 0 1 1 1 0 1 0 1 1 1 0 1 1 1 0 1 0 1 1 1 0 1 1 1 1 1 0 1 0 1 0 1 0 0 
0 1 0 1 0 1 0 0 0 0 0 0 0 1 0 0 0 1 0 0 0 1 0 1 0 1 0 1 0 1 0 1 0 1 0 1 0 0 0 0 0 0 
0 1 0 1 0 1 0 1 1 1 0 1 1 1 1 1 1 1 1 1 0 1 1 1 0 1 0 1 1 1 0 1 0 1 0 1 0 1 1 1 0 0 
0 1 0 1 0 0 0 0 0 1 0 0 0 1 0 0 0 1 0 0 0 0 0 0 0 0 0 0 0 1 0 1 0 0 0 1 0 1 0 1 0 0 
0 1 0 1 1 1 1 1 0 1 1 1 1 1 0 1 0 1 1 1 0 1 0 1 1 1 0 1 0 1 0 1 1 1 1 1 1 1 0 1 0 0 
0 1 0 0 0 0 0 0 0 1 0 0 0 1 0 1 0 0 0 0 0 1 0 0 0 1 0 1 0 1 0 0 0 1 0 0 0 0 0 0 0 0 
0 1 0 1 0 1 1 1 1 1 1 1 0 1 1 1 1 1 1 1 1 1 1 1 1 1 1 1 1 1 0 1 1 1 1 1 1 1 1 1 0 0 
0 0 0 1 0 1 0 0 0 1 0 1 0 0 0 1 0 1 0 1 0 0 0 1 0 0 0 0 0 1 0 1 0 1 0 0 0 0 0 0 0 0 
0 1 1 1 1 1 0 1 1 1 0 1 0 1 1 1 0 1 0 1 0 1 1 1 1 1 1 1 0 1 0 1 0 1 1 1 1 1 1 3 0 0 
0 0 0 0 0 0 0 0 0 0 0 0 0 0 0 0 0 0 0 0 0 0 0 0 0 0 0 0 0 0 0 0 0 0 0 0 0 0 0 0 0 0 
0 0 0 0 0 0 0 0 0 0 0 0 0 0 0 0 0 0 0 0 0 0 0 0 0 0 0 0 0 0 0 0 0 0 0 0 0 0 0 0 0 0 
 1 1 1 1 0 1 0 1 0 1 1 1 0 1 1 1 0 1 1 1 1 1 1 1 0 1 0 
0 1 0 1 0 0 0 1 0 0 0 1 0 0 0 0 0 1 0 0 0 0 0 0 0 0 0 1 0 0 0 1 0 0 0 0 0 1 0 1 0 1 0 0 0 1 0 0 0 1 0 0 0 1 0 0 0 
0 1 0 1 0 1 1 1 1 1 1 1 1 1 0 1 0 1 1 1 0 1 0 1 1 1 0 1 0 1 1 1 1 1 0 1 1 1 1 1 0 1 0 1 1 1 0 1 1 1 1 1 0 1 1 1 0 
0 0 0 1 0 0 0 0 0 0 0 1 0 0 0 1 0 0 0 0 0 1 0 1 0 0 0 1 0 0 0 0 0 0 0 1 0 0 0 1 0 0 0 1 0 1 0 0 0 0 0 1 0 1 0 0 0 
0 1 0 1 1 1 0 1 0 1 1 1 0 1 1 1 0 1 0 1 1 1 1 1 1 1 0 1 0 1 0 1 1 1 1 1 1 1 0 1 1 1 0 1 0 1 1 1 1 1 1 1 0 1 1 1 0 
0 1 0 1 0 0 0 1 0 0 0 1 0 0 0 1 0 1 0 0 0 1 0 0 0 0 0 0 0 1 0 1 0 1 0 0 0 0 0 0 0 0 0 1 0 0 0 0 0 1 0 0 0 1 0 1 0 
0 1 1 1 1 1 1 1 1 1 1 1 0 1 1 1 1 1 0 1 0 1 0 1 1 1 1 1 0 1 0 1 0 1 1 1 1 1 0 1 0 1 1 1 0 1 1 1 1 1 0 1 0 1 0 1 0 
0 0 0 1 0 1 0 0 0 0 0 0 0 0 0 1 0 0 0 1 0 1 0 0 0 1 0 0 0 1 0 0 0 1 0 0 0 0 0 1 0 1 0 0 0 0 0 0 0 0 0 1 0 1 0 1 0 
0 1 1 1 0 1 0 1 1 1 1 1 1 1 1 1 1 1 1 1 0 1 0 1 1 1 1 1 0 1 1 1 1 1 1 1 1 1 0 1 0 1 1 1 0 1 1 1 1 1 0 1 0 1 0 1 0 
0 0 0 0 0 0 0 0 0 0 0 0 0 0 0 1 0 1 0 0 0 1 0 1 0 0 0 0 0 0 0 0 0 0 0 1 0 1 0 1 0 1 0 1 0 1 0 0 0 1 0 1 0 1 0 1 0 
0 1 0 1 1 1 1 1 0 1 0 1 1 1 0 1 0 1 0 1 0 1 0 1 0 1 0 1 0 1 0 1 1 1 1 1 0 1 0 1 1 1 0 1 1 1 0 1 1 1 1 1 0 1 0 1 0 
0 1 0 0 0 0 0 1 0 1 0 1 0 0 0 0 0 1 0 1 0 1 0 1 0 1 0 1 0 1 0 1 0 0 0 0 0 0 0 0 0 0 0 1 0 1 0 1 0 0 0 0 0 1 0 1 0 
0 1 1 1 0 1 0 1 0 1 0 1 1 1 1 1 0 1 1 1 1 1 0 1 0 1 1 1 0 1 1 1 0 1 1 1 1 1 1 1 1 1 1 1 0 1 0 1 0 1 1 1 0 1 0 1 0 
0 1 0 1 0 1 0 1 0 1 0 1 0 1 0 1 0 1 0 0 0 0 0 1 0 0 0 1 0 1 0 1 0 1 0 1 0 0 0 0 0 1 0 1 0 0 0 1 0 0 0 1 0 0 0 1 0 
0 1 0 1 1 1 1 1 1 1 0 1 0 1 0 1 1 1 0 1 1 1 1 1 1 1 1 1 1 1 0 1 1 1 0 1 0 1 1 1 0 1 0 1 0 1 1 1 1 1 1 1 0 1 0 1 0 
0 0 0 1 0 0 0 1 0 0 0 1 0 0 0 0 0 1 0 1 0 0 0 1 0 0 0 0 0 0 0 0 0 1 0 1 0 0 0 1 0 1 0 0 0 0 0 1 0 1 0 0 0 1 0 1 0 
0 1 1 1 1 1 0 1 0 1 1 1 0 1 1 1 1 1 1 1 0 1 1 1 1 1 0 1 1 1 1 1 0 1 0 1 1 1 1 1 0 1 1 1 0 1 0 1 0 1 0 1 1 1 1 1 0 
0 0 0 0 0 1 0 1 0 0 0 1 0 1 0 0 0 1 0 0 0 0 0 1 0 0 0 0 0 1 0 1 0 0 0 1 0 0 0 1 0 0 0 0 0 1 0 1 0 0 0 0 0 1 0 0 0 
0 1 0 1 1 1 0 1 0 1 0 1 0 1 1 1 0 1 0 1 0 1 0 1 0 1 1 1 1 1 0 1 1 1 0 1 0 1 1 1 0 1 1 1 0 1 1 1 0 1 1 1 1 1 0 1 0 
0 1 0 1 0 0 0 1 0 1 0 1 0 0 0 1 0 1 0 1 0 1 0 1 0 0 0 1 0 0 0 1 0 1 0 1 0 0 0 1 0 1 0 0 0 1 0 0 0 1 0 0 0 0 0 1 0 
0 1 1 1 1 1 0 1 1 1 1 1 0 1 1 1 0 1 1 1 1 1 0 1 0 1 1 1 1 1 0 1 0 1 1 1 0 1 1 1 1 1 0 1 1 1 0 1 1 1 1 1 1 1 1 3 0 
0 0 0 0 0 0 0 0 0 0 0 0 0 0 0 0 0 0 0 0 0 0 0 0 0 0 0 0 0 0 0 0 0 0 0 0 0 0 0 0 0 0 0 0 0 0 0 0 0 0 0 0 0 0 0 0 0 
17 17 15 15
0 0 0 0 0 0 0 0 0 0 0 0 0 0 0 0 0 
0 2 1 1 0 1 0 1 1 1 1 1 1 1 1 1 0 
0 0 0 1 0 1 0 1 0 1 0 1 0 0 0 1 0 
0 1 0 1 1 1 0 1 0 1 0 1 0 1 1 1 0 
0 1 0 1 0 1 0 1 0 0 0 1 0 0 0 0 0 
0 1 0 1 0 1 1 1 1 1 0 1 0 1 0 1 0 
0 1 0 1 0 0 0 0 0 0 0 1 0 1 0 1 0 
0 1 0 1 0 1 1 1 0 1 1 1 1 1 0 1 0 
0 1 0 0 0 0 0 1 0 0 0 0 0 1 0 1 0 
0 1 1 1 1 1 1 1 0 1 1 1 1 1 1 1 0 
0 0 0 1 0 0 0 1 0 1 0 0 0 0 0 0 0 
0 1 1 1 0 1 1 1 1 1 0 1 1 1 1 1 0 
0 1 0 0 0 0 0 0 0 1 0 1 0 0 0 1 0 
0 1 0 1 1 1 1 1 1 1 0 1 1 1 0 1 0 
0 0 0 1 0 1 0 0 0 1 0 0 0 1 0 1 0 
0 1 1 1 0 1 1 1 0 1 1 1 1 1 0 3 0 
0 0 0 0 0 0 0 0 0 0 0 0 0 0 0 0 0 
12 12 9 9
0 0 0 0 0 0 0 0 0 0 0 0 
0 2 0 1 0 1 0 1 1 1 0 0 
0 1 0 1 0 1 0 1 0 0 0 0 
0 1 1 1 1 1 0 1 1 1 0 0 
0 0 0 0 0 1 0 1 0 0 0 0 
0 1 0 1 0 1 0 1 1 1 0 0 
0 1 0 1 0 1 0 1 0 1 0 0 
0 1 0 1 1 1 0 1 0 1 0 0 
0 1 0 0 0 1 0 1 0 0 0 0 
0 1 1 1 1 1 1 1 1 3 0 0 
0 0 0 0 0 0 0 0 0 0 0 0 
0 0 0 0 0 0 0 0 0 0 0 0 
12 12 9 9
0 0 0 0 0 0 0 0 0 0 0 0 
0 2 1 1 1 1 1 1 1 1 0 0 
0 1 0 0 0 1 0 1 0 1 0 0 
0 1 0 1 1 1 0 1 0 1 0 0 
0 0 0 0 0 0 0 0 0 1 0 0 
0 1 1 1 0 1 0 1 0 1 0 0 
0 0 0 1 0 1 0 1 0 1 0 0 
0 1 0 1 1 1 1 1 0 1 0 0 
0 1 0 0 0 0 0 1 0 1 0 0 
0 1 1 1 1 1 1 1 1 3 0 0 
0 0 0 0 0 0 0 0 0 0 0 0 
0 0 0 0 0 0 0 0 0 0 0 0 
16 16 13 13
0 0 0 0 0 0 0 0 0 0 0 0 0 0 0 0 
0 2 1 1 1 1 0 1 1 1 1 1 0 1 0 0 
0 0 0 0 0 1 0 1 0 0 0 1 0 1 0 0 
0 1 1 1 1 1 0 1 1 1 0 1 1 1 0 0 
0 1 0 0 0 1 0 0 0 1 0 0 0 0 0 0 
0 1 0 1 0 1 1 1 0 1 1 1 0 1 0 0 
0 0 0 1 0 1 0 0 0 1 0 1 0 1 0 0 
0 1 1 1 1 1 0 1 1 1 0 1 1 1 0 0 
0 0 0 0 0 1 0 1 0 0 0 0 0 1 0 0 
0 1 0 1 1 1 1 1 0 1 1 1 0 1 0 0 
0 1 0 0 0 0 0 1 0 1 0 0 0 0 0 0 
0 1 1 1 0 1 0 1 1 1 0 1 1 1 0 0 
0 0 0 1 0 1 0 0 0 1 0 1 0 1 0 0 
0 1 1 1 1 1 1 1 1 1 1 1 0 3 0 0 
0 0 0 0 0 0 0 0 0 0 0 0 0 0 0 0 
0 0 0 0 0 0 0 0 0 0 0 0 0 0 0 0 
19 19 17 17
0 0 0 0 0 0 0 0 0 0 0 0 0 0 0 0 0 0 0 
0 2 1 1 1 1 0 1 1 1 1 1 0 1 0 1 1 1 0 
0 0 0 1 0 1 0 1 0 1 0 1 0 1 0 1 0 1 0 
0 1 1 1 0 1 1 1 0 1 0 1 1 1 1 1 0 1 0 
0 0 0 1 0 1 0 0 0 1 0 0 0 0 0 1 0 1 0 
0 1 1 1 0 1 0 1 1 1 0 1 1 1 0 1 0 1 0 
0 0 0 0 0 0 0 1 0 1 0 1 0 0 0 0 0 0 0 
0 1 1 1 0 1 1 1 0 1 1 1 0 1 0 1 1 1 0 
0 1 0 1 0 1 0 0 0 0 0 0 0 1 0 0 0 1 0 
0 1 0 1 0 1 1 1 0 1 1 1 1 1 0 1 1 1 0 
0 0 0 1 0 0 0 1 0 0 0 1 0 0 0 1 0 0 0 
0 1 1 1 1 1 1 1 0 1 0 1 1 1 1 1 1 1 0 
0 1 0 0 0 1 0 0 0 1 0 1 0 0 0 1 0 0 0 
0 1 0 0 0 1 0 1 1 1 1 1 1 1 0 1 0 1 0 
0 1 0 0 0 0 0 1 0 0 0 0 0 1 0 1 0 1 0 
0 1 0 1 1 1 1 1 0 1 1 1 0 1 0 1 0 1 0 
0 1 0 0 0 0 0 1 0 1 0 0 0 1 0 0 0 1 0 
0 1 1 1 1 1 1 1 1 1 0 1 1 1 1 1 1 3 0 
0 0 0 0 0 0 0 0 0 0 0 0 0 0 0 0 0 0 0 
14 14 11 11
0 0 0 0 0 0 0 0 0 0 0 0 0 0 
0 2 1 1 1 1 0 1 0 1 0 1 0 0 
0 0 0 1 0 0 0 1 0 1 0 1 0 0 
0 1 1 1 0 1 1 1 1 1 0 1 0 0 
0 0 0 1 0 1 0 0 0 1 0 1 0 0 
0 1 1 1 0 1 0 1 0 1 1 1 0 0 
0 0 0 1 0 0 0 1 0 1 0 0 0 0 
0 1 1 1 0 1 1 1 1 1 1 1 0 0 
0 1 0 0 0 0 0 0 0 1 0 0 0 0 
0 1 1 1 0 0 0 1 1 1 1 1 0 0 
0 0 0 1 0 0 0 1 0 1 0 1 0 0 
0 0 0 1 1 1 1 1 0 1 0 3 0 0 
0 0 0 0 0 0 0 0 0 0 0 0 0 0 
0 0 0 0 0 0 0 0 0 0 0 0 0 0 
17 17 15 15
0 0 0 0 0 0 0 0 0 0 0 0 0 0 0 0 0 
0 2 0 1 0 1 1 1 0 1 1 1 0 1 1 1 0 
0 1 0 1 0 1 0 1 0 0 0 1 0 0 0 1 0 
0 1 0 1 1 1 0 1 0 1 0 1 0 1 1 1 0 
0 1 0 1 0 1 0 0 0 1 0 1 0 0 0 1 0 
0 1 1 1 0 1 0 1 1 1 1 1 0 1 0 1 0 
0 0 0 1 0 0 0 1 0 0 0 1 0 1 0 1 0 
0 1 1 1 1 1 0 1 1 1 0 1 0 1 1 1 0 
0 0 0 1 0 1 0 0 0 0 0 1 0 1 0 0 0 
0 1 0 1 0 1 0 1 1 1 1 1 1 1 1 1 0 
0 1 0 1 0 1 0 0 0 0 0 0 0 0 0 1 0 
0 1 1 1 0 1 1 1 1 1 1 1 1 1 1 1 0 
0 1 0 1 0 0 0 0 0 0 0 1 0 0 0 1 0 
0 1 0 1 0 1 1 1 1 1 0 1 1 1 0 1 0 
0 1 0 1 0 1 0 1 0 0 0 1 0 1 0 0 0 
0 1 0 1 1 1 0 1 1 1 0 1 0 1 1 3 0 
0 0 0 0 0 0 0 0 0 0 0 0 0 0 0 0 0 
20 20 17 17
0 0 0 0 0 0 0 0 0 0 0 0 0 0 0 0 0 0 0 0 
0 2 1 1 0 1 0 1 1 1 0 1 0 0 0 1 1 1 0 0 
0 1 0 1 0 1 0 1 0 0 0 1 0 0 0 0 0 1 0 0 
0 1 0 1 0 1 1 1 1 1 0 1 1 1 1 1 1 1 0 0 
0 0 0 1 0 1 0 1 0 0 0 0 0 1 0 0 0 0 0 0 
0 1 0 1 1 1 0 1 1 1 1 1 1 1 0 0 0 1 0 0 
0 1 0 1 0 0 0 1 0 1 0 0 0 1 0 0 0 1 0 0 
0 1 0 1 1 1 0 1 0 1 0 1 0 1 1 1 0 1 0 0 
0 1 0 1 0 0 0 1 0 1 0 1 0 1 0 0 0 0 0 0 
0 1 1 1 0 1 1 1 0 1 1 1 0 1 1 1 1 1 0 0 
0 0 0 1 0 0 0 0 0 0 0 0 0 1 0 0 0 1 0 0 
0 1 0 1 1 1 0 1 1 1 1 1 0 1 0 1 0 1 0 0 
0 1 0 0 0 1 0 1 0 0 0 1 0 1 0 1 0 1 0 0 
0 1 0 1 1 1 0 1 0 1 1 1 1 1 1 1 0 1 0 0 
0 1 0 0 0 1 0 0 0 1 0 0 0 1 0 1 0 1 0 0 
0 1 1 1 1 1 1 1 0 1 0 0 0 1 0 1 0 1 0 0 
0 0 0 0 0 0 0 1 0 1 0 0 0 0 0 1 0 0 0 0 
0 1 1 1 1 1 1 1 0 1 0 0 0 0 0 1 1 3 0 0 
0 0 0 0 0 0 0 0 0 0 0 0 0 0 0 0 0 0 0 0 
0 0 0 0 0 0 0 0 0 0 0 0 0 0 0 0 0 0 0 0 
34 34 31 31
0 0 0 0 0 0 0 0 0 0 0 0 0 0 0 0 0 0 0 0 0 0 0 0 0 0 0 0 0 0 0 0 0 0 
0 2 0 1 1 1 1 1 1 1 0 1 1 1 0 1 1 1 0 1 1 1 1 1 1 1 0 1 0 1 1 1 0 0 
0 1 0 1 0 0 0 1 0 1 0 0 0 1 0 0 0 0 0 1 0 0 0 0 0 0 0 1 0 0 0 0 0 0 
0 1 0 1 1 1 0 1 0 1 0 1 0 1 0 1 0 1 0 1 1 1 1 1 0 1 1 1 0 1 1 1 0 0 
0 1 0 1 0 0 0 0 0 1 0 1 0 1 0 1 0 1 0 0 0 1 0 0 0 1 0 1 0 1 0 0 0 0 
0 1 1 1 1 1 1 1 0 1 0 1 1 1 1 1 1 1 0 1 0 1 1 1 1 1 0 1 0 1 1 1 0 0 
0 1 0 1 0 0 0 1 0 0 0 0 0 0 0 0 0 1 0 1 0 1 0 1 0 0 0 0 0 0 0 1 0 0 
0 1 0 1 1 1 0 1 0 1 1 1 0 1 1 1 0 1 0 1 1 1 0 1 1 1 1 1 1 1 1 1 0 0 
0 1 0 0 0 0 0 1 0 1 0 1 0 1 0 0 0 1 0 1 0 0 0 1 0 0 0 1 0 0 0 0 0 0 
0 1 0 1 1 1 0 1 0 1 0 1 0 1 0 1 0 1 1 1 0 1 0 1 0 1 1 1 1 1 1 1 0 0 
0 0 0 1 0 0 0 1 0 1 0 0 0 1 0 1 0 0 0 0 0 1 0 1 0 0 0 1 0 0 0 1 0 0 
0 1 1 1 1 1 1 1 1 1 1 1 0 1 1 1 0 1 1 1 1 1 0 1 0 1 1 1 0 1 1 1 0 0 
0 1 0 0 0 0 0 1 0 0 0 1 0 1 0 0 0 0 0 0 0 1 0 1 0 0 0 0 0 1 0 0 0 0 
0 1 0 1 0 1 1 1 1 1 0 1 0 1 1 1 1 1 1 1 1 1 0 1 1 1 1 1 0 1 1 1 0 0 
0 1 0 1 0 0 0 0 0 0 0 0 0 1 0 0 0 1 0 0 0 0 0 1 0 0 0 1 0 0 0 1 0 0 
0 1 0 1 1 1 0 0 0 0 0 1 1 1 1 1 0 1 1 1 1 1 1 1 0 1 1 1 0 1 0 1 0 0 
0 1 0 1 0 1 0 0 0 0 0 1 0 0 0 0 0 0 0 0 0 1 0 1 0 1 0 1 0 1 0 0 0 0 
0 1 1 1 0 1 0 1 1 1 0 1 0 1 0 1 1 1 1 1 1 1 0 1 0 1 0 1 1 1 0 1 0 0 
0 1 0 0 0 0 0 1 0 0 0 1 0 1 0 1 0 1 0 0 0 1 0 0 0 1 0 0 0 1 0 1 0 0 
0 1 1 1 1 1 0 1 1 1 1 1 0 1 0 1 0 1 0 1 0 1 0 1 1 1 1 1 0 1 1 1 0 0 
0 1 0 0 0 0 0 0 0 1 0 1 0 1 0 1 0 1 0 1 0 0 0 0 0 0 0 0 0 0 0 0 0 0 
0 1 1 1 1 1 0 1 1 1 0 1 0 1 1 1 0 1 0 1 0 1 0 1 1 1 1 1 1 1 1 1 0 0 
0 0 0 1 0 0 0 0 0 1 0 1 0 0 0 0 0 1 0 1 0 1 0 0 0 1 0 0 0 1 0 1 0 0 
0 1 0 1 1 1 1 1 0 1 0 1 0 1 0 1 0 1 1 1 1 1 0 1 0 1 0 1 1 1 0 1 0 0 
0 1 0 0 0 1 0 1 0 1 0 1 0 1 0 1 0 0 0 1 0 0 0 1 0 0 0 1 0 0 0 1 0 0 
0 1 1 1 0 1 0 1 1 1 0 1 0 1 1 1 0 1 1 1 0 1 1 1 1 1 0 1 1 1 0 1 0 0 
0 0 0 1 0 0 0 0 0 0 0 0 0 1 0 0 0 1 0 0 0 0 0 1 0 0 0 1 0 1 0 1 0 0 
0 1 1 1 0 1 0 1 1 1 1 1 1 1 0 1 1 1 0 1 0 1 1 1 1 1 0 1 0 1 0 1 0 0 
0 1 0 1 0 1 0 0 0 0 0 1 0 1 0 1 0 0 0 1 0 1 0 1 0 0 0 1 0 0 0 1 0 0 
0 1 0 1 0 1 0 1 1 1 1 1 0 1 1 1 1 1 1 1 0 1 0 1 0 1 0 1 0 1 1 1 0 0 
0 1 0 1 0 1 0 0 0 1 0 0 0 0 0 1 0 1 0 0 0 1 0 0 0 1 0 0 0 1 0 1 0 0 
0 1 0 1 1 1 1 1 1 1 1 1 1 1 0 1 0 1 1 1 1 1 1 1 1 1 1 1 1 1 0 3 0 0 
0 0 0 0 0 0 0 0 0 0 0 0 0 0 0 0 0 0 0 0 0 0 0 0 0 0 0 0 0 0 0 0 0 0 
0 0 0 0 0 0 0 0 0 0 0 0 0 0 0 0 0 0 0 0 0 0 0 0 0 0 0 0 0 0 0 0 0 0 
13 13 11 11
0 0 0 0 0 0 0 0 0 0 0 0 0 
0 2 1 1 1 1 0 1 0 1 0 1 0 
0 0 0 1 0 0 0 1 0 1 0 1 0 
0 1 1 1 0 1 1 1 0 1 1 1 0 
0 1 0 1 0 1 0 1 0 0 0 1 0 
0 1 0 1 1 1 0 1 1 1 1 1 0 
0 0 0 0 0 1 0 1 0 0 0 1 0 
0 1 1 1 1 1 0 1 0 1 1 1 0 
0 0 0 0 0 0 0 1 0 0 0 0 0 
0 1 1 1 1 1 1 1 1 1 1 1 0 
0 1 0 1 0 0 0 1 0 0 0 1 0 
0 1 0 1 0 1 1 1 0 1 1 3 0 
0 0 0 0 0 0 0 0 0 0 0 0 0 
15 15 13 13
0 0 0 0 0 0 0 0 0 0 0 0 0 0 0 
0 2 1 1 0 1 1 1 0 1 0 1 1 1 0 
0 1 0 0 0 1 0 0 0 1 0 0 0 1 0 
0 1 1 1 0 1 1 1 1 1 1 1 1 1 0 
0 0 0 1 0 0 0 0 0 1 0 1 0 1 0 
0 1 1 1 0 1 1 1 0 1 0 1 0 1 0 
0 0 0 1 0 1 0 1 0 1 0 0 0 0 0 
0 1 0 1 0 1 0 1 0 1 1 1 0 1 0 
0 1 0 1 0 0 0 1 0 0 0 1 0 1 0 
0 1 1 1 0 1 1 1 1 1 0 1 1 1 0 
0 0 0 1 0 1 0 0 0 0 0 1 0 1 0 
0 1 1 1 1 1 1 1 1 1 0 1 0 1 0 
0 1 0 0 0 1 0 0 0 1 0 1 0 0 0 
0 1 0 1 1 1 1 1 0 1 1 1 1 3 0 
0 0 0 0 0 0 0 0 0 0 0 0 0 0 0 
16 16 13 13
0 0 0 0 0 0 0 0 0 0 0 0 0 0 0 0 
0 2 1 1 1 1 1 1 1 1 1 1 0 1 0 0 
0 0 0 1 0 1 0 1 0 1 0 0 0 1 0 0 
0 1 1 1 0 1 0 1 0 1 0 1 1 1 0 0 
0 1 0 1 0 0 0 0 0 0 0 1 0 0 0 0 
0 1 0 1 0 1 1 1 1 1 1 1 0 1 0 0 
0 0 0 1 0 1 0 0 0 1 0 1 0 1 0 0 
0 1 1 1 1 1 1 1 0 1 0 1 0 1 0 0 
0 0 0 1 0 0 0 0 0 1 0 1 0 1 0 0 
0 1 1 1 1 1 0 1 1 1 0 1 0 1 0 0 
0 1 0 0 0 1 0 1 0 0 0 0 0 1 0 0 
0 1 1 1 0 1 0 1 1 1 1 1 1 1 0 0 
0 1 0 0 0 1 0 0 0 1 0 0 0 0 0 0 
0 1 1 1 0 1 0 1 1 1 1 1 1 3 0 0 
0 0 0 0 0 0 0 0 0 0 0 0 0 0 0 0 
0 0 0 0 0 0 0 0 0 0 0 0 0 0 0 0 
27 27 25 25
0 0 0 0 0 0 0 0 0 0 0 0 0 0 0 0 0 0 0 0 0 0 0 0 0 0 0 
0 2 0 1 1 1 0 1 0 1 1 1 1 1 1 1 0 1 0 1 0 1 1 1 1 1 0 
0 1 0 0 0 1 0 1 0 0 0 1 0 1 0 0 0 1 0 1 0 0 0 1 0 0 0 
0 1 1 1 1 1 1 1 1 1 1 1 0 1 1 1 0 1 1 1 0 1 1 1 1 1 0 
0 0 0 0 0 1 0 0 0 0 0 1 0 0 0 0 0 1 0 0 0 1 0 0 0 0 0 
0 1 0 1 1 1 0 1 1 1 0 1 1 1 0 1 1 1 0 1 0 1 0 1 1 1 0 
0 1 0 1 0 0 0 1 0 1 0 1 0 0 0 1 0 1 0 1 0 1 0 1 0 0 0 
0 1 1 1 1 1 0 1 0 1 0 1 1 1 1 1 0 1 1 1 0 1 1 1 1 1 0 
0 0 0 0 0 0 0 1 0 0 0 1 0 1 0 1 0 1 0 0 0 1 0 0 0 0 0 
0 1 1 1 1 1 0 1 1 1 1 1 0 1 0 1 0 1 1 1 1 1 1 1 1 1 0 
0 0 0 1 0 0 0 0 0 0 0 0 0 1 0 0 0 1 0 1 0 0 0 0 0 1 0 
0 1 1 1 1 1 1 1 1 1 0 1 0 1 1 1 0 1 0 1 1 1 0 1 1 1 0 
0 0 0 1 0 0 0 0 0 1 0 1 0 1 0 0 0 1 0 1 0 0 0 1 0 1 0 
0 1 1 1 1 1 1 1 0 1 1 1 0 1 0 1 0 1 0 1 0 1 0 1 0 1 0 
0 1 0 1 0 0 0 1 0 0 0 0 0 0 0 1 0 0 0 1 0 1 0 0 0 0 0 
0 1 0 1 0 1 0 1 0 1 1 1 0 1 1 1 1 1 1 1 0 1 1 1 0 1 0 
0 1 0 1 0 1 0 1 0 0 0 1 0 1 0 0 0 0 0 1 0 1 0 0 0 1 0 
0 1 0 1 1 1 0 1 0 1 1 1 0 1 1 1 0 1 0 1 0 1 1 1 1 1 0 
0 0 0 0 0 0 0 1 0 1 0 1 0 1 0 0 0 1 0 1 0 1 0 0 0 1 0 
0 1 1 1 0 1 1 1 0 1 0 1 1 1 1 1 0 1 1 1 0 1 1 1 0 1 0 
0 1 0 0 0 1 0 0 0 1 0 0 0 1 0 1 0 1 0 0 0 0 0 1 0 0 0 
0 1 1 1 1 1 1 1 1 1 0 1 1 1 0 1 0 1 1 1 1 1 1 1 1 1 0 
0 0 0 0 0 1 0 0 0 1 0 0 0 0 0 0 0 0 0 1 0 0 0 0 0 1 0 
0 1 1 1 0 1 0 1 1 1 1 1 0 1 0 1 0 1 1 1 1 1 1 1 0 1 0 
0 1 0 1 0 1 0 1 0 0 0 1 0 1 0 1 0 1 0 1 0 0 0 0 0 0 0 
0 1 0 1 1 1 0 1 1 1 0 1 1 1 0 1 1 1 0 1 1 1 1 1 1 3 0 
0 0 0 0 0 0 0 0 0 0 0 0 0 0 0 0 0 0 0 0 0 0 0 0 0 0 0 
18 18 15 15
0 0 0 0 0 0 0 0 0 0 0 0 0 0 0 0 0 0 
0 2 0 0 0 1 1 1 0 1 1 1 0 1 0 1 0 0 
0 1 0 0 0 0 0 0 0 1 0 1 0 1 0 1 0 0 
0 1 0 1 1 1 1 1 1 1 0 1 1 1 1 1 0 0 
0 1 0 0 0 0 0 0 0 1 0 1 0 0 0 1 0 0 
0 1 1 1 1 1 0 1 1 1 0 1 1 1 0 1 0 0 
0 0 0 1 0 1 0 1 0 1 0 0 0 0 0 0 0 0 
0 1 1 1 0 1 1 1 0 1 0 1 0 1 1 1 0 0 
0 1 0 0 0 0 0 0 0 1 0 1 0 0 0 1 0 0 
0 1 0 1 1 1 1 1 0 1 1 1 1 1 1 1 0 0 
0 0 0 0 0 1 0 0 0 1 0 0 0 0 0 1 0 0 
0 1 0 1 0 1 1 1 1 1 1 1 1 1 0 1 0 0 
0 1 0 1 0 1 0 1 0 1 0 0 0 0 0 1 0 0 
0 1 1 1 1 1 0 1 0 1 1 1 0 1 1 1 0 0 
0 0 0 1 0 1 0 1 0 1 0 0 0 0 0 1 0 0 
0 0 0 1 0 1 0 1 0 1 0 1 1 1 1 3 0 0 
0 0 0 0 0 0 0 0 0 0 0 0 0 0 0 0 0 0 
0 0 0 0 0 0 0 0 0 0 0 0 0 0 0 0 0 0 
28 28 25 25
0 0 0 0 0 0 0 0 0 0 0 0 0 0 0 0 0 0 0 0 0 0 0 0 0 0 0 0 
0 2 1 1 0 1 1 1 0 1 0 0 0 1 0 1 0 1 0 1 0 0 0 1 1 1 0 0 
0 0 0 1 0 0 0 1 0 1 0 0 0 1 0 1 0 1 0 1 0 0 0 1 0 1 0 0 
0 1 0 1 1 1 1 1 0 1 1 1 1 1 1 1 1 1 1 1 0 0 0 1 0 1 0 0 
0 1 0 1 0 1 0 1 0 1 0 0 0 1 0 0 0 1 0 0 0 0 0 0 0 1 0 0 
0 1 1 1 0 1 0 1 0 1 1 1 0 1 1 1 0 1 1 1 0 1 0 1 1 1 0 0 
0 0 0 1 0 0 0 1 0 0 0 0 0 1 0 1 0 1 0 0 0 1 0 1 0 1 0 0 
0 0 0 1 0 1 1 1 0 1 1 1 0 1 0 1 0 1 1 1 0 1 1 1 0 1 0 0 
0 0 0 0 0 1 0 0 0 1 0 1 0 1 0 1 0 0 0 0 0 1 0 0 0 0 0 0 
0 0 0 1 1 1 1 1 0 1 0 1 1 1 0 1 1 1 0 1 1 1 1 1 1 1 0 0 
0 0 0 1 0 0 0 0 0 0 0 1 0 0 0 0 0 1 0 1 0 1 0 0 0 1 0 0 
0 1 1 1 0 0 0 1 1 1 1 1 1 1 1 1 0 1 0 1 0 1 0 1 0 1 0 0 
0 0 0 1 0 0 0 0 0 0 0 0 0 1 0 0 0 0 0 1 0 0 0 1 0 0 0 0 
0 0 0 1 0 1 1 1 0 1 1 1 1 1 1 1 1 1 0 1 1 1 1 1 0 1 0 0 
0 0 0 1 0 0 0 1 0 0 0 0 0 0 0 1 0 0 0 0 0 1 0 0 0 1 0 0 
0 1 1 1 1 1 1 1 1 1 0 0 0 1 0 1 1 1 0 1 1 1 1 1 1 1 0 0 
0 1 0 1 0 1 0 0 0 0 0 0 0 1 0 1 0 1 0 1 0 0 0 1 0 0 0 0 
0 1 0 1 0 1 0 0 0 1 1 1 0 1 0 1 0 1 0 1 0 1 1 1 1 1 0 0 
0 1 0 0 0 1 0 0 0 0 0 1 0 1 0 1 0 0 0 0 0 1 0 0 0 0 0 0 
0 1 0 1 1 1 1 1 0 1 1 1 0 1 1 1 1 1 0 1 1 1 1 1 0 1 0 0 
0 0 0 0 0 1 0 0 0 0 0 1 0 1 0 0 0 1 0 1 0 1 0 0 0 1 0 0 
0 1 0 1 0 1 1 1 1 1 1 1 0 1 0 1 1 1 1 1 0 1 0 1 1 1 0 0 
0 1 0 1 0 1 0 0 0 0 0 1 0 0 0 0 0 1 0 0 0 1 0 1 0 0 0 0 
0 1 0 1 1 1 0 1 0 1 1 1 1 1 1 1 0 1 0 1 0 1 1 1 0 1 0 0 
0 0 0 0 0 1 0 1 0 1 0 1 0 0 0 1 0 0 0 1 0 1 0 0 0 1 0 0 
0 0 0 0 0 1 1 1 0 1 0 1 0 1 1 1 1 1 1 1 1 1 1 1 1 3 0 0 
0 0 0 0 0 0 0 0 0 0 0 0 0 0 0 0 0 0 0 0 0 0 0 0 0 0 0 0 
0 0 0 0 0 0 0 0 0 0 0 0 0 0 0 0 0 0 0 0 0 0 0 0 0 0 0 0 
19 19 17 17
0 0 0 0 0 0 0 0 0 0 0 0 0 0 0 0 0 0 0 
0 2 1 1 1 1 1 1 1 1 0 1 1 1 0 1 1 1 0 
0 1 0 1 0 1 0 0 0 0 0 1 0 1 0 1 0 0 0 
0 1 0 1 0 1 1 1 0 1 0 1 0 1 1 1 1 1 0 
0 0 0 0 0 1 0 0 0 1 0 0 0 1 0 0 0 1 0 
0 1 0 1 1 1 1 1 1 1 1 1 0 1 0 1 0 1 0 
0 1 0 0 0 0 0 1 0 0 0 1 0 1 0 1 0 1 0 
0 1 0 1 0 1 1 1 0 1 1 1 1 1 1 1 0 1 0 
0 0 0 1 0 0 0 0 0 1 0 1 0 0 0 0 0 0 0 
0 1 1 1 1 1 1 1 1 1 0 1 1 1 0 1 1 1 0 
0 0 0 0 0 0 0 0 0 1 0 0 0 1 0 1 0 0 0 
0 1 1 1 1 1 1 1 0 1 1 1 0 1 1 1 1 1 0 
0 0 0 1 0 0 0 0 0 0 0 1 0 1 0 0 0 1 0 
0 1 0 1 1 1 1 1 0 0 0 1 0 1 0 1 1 1 0 
0 1 0 1 0 1 0 0 0 0 0 0 0 0 0 1 0 0 0 
0 1 0 1 0 1 1 1 1 1 1 1 1 1 1 1 1 1 0 
0 1 0 0 0 0 0 1 0 1 0 1 0 0 0 1 0 0 0 
0 1 1 1 1 1 1 1 0 1 0 1 0 1 1 1 1 3 0 
0 0 0 0 0 0 0 0 0 0 0 0 0 0 0 0 0 0 0 
21 21 19 19
0 0 0 0 0 0 0 0 0 0 0 0 0 0 0 0 0 0 0 0 0 
0 2 0 1 0 1 1 1 0 1 1 1 1 1 0 1 1 1 1 1 0 
0 1 0 1 0 1 0 0 0 0 0 0 0 1 0 0 0 1 0 0 0 
0 1 1 1 0 1 0 1 1 1 0 1 1 1 0 1 0 1 1 1 0 
0 0 0 1 0 1 0 0 0 1 0 1 0 0 0 1 0 1 0 0 0 
0 1 1 1 1 1 0 1 1 1 0 1 1 1 0 1 1 1 1 1 0 
0 0 0 0 0 1 0 1 0 0 0 1 0 0 0 1 0 0 0 1 0 
0 1 1 1 1 1 1 1 0 1 1 1 1 1 1 1 0 1 0 1 0 
0 0 0 1 0 0 0 1 0 0 0 1 0 1 0 0 0 1 0 1 0 
0 1 1 1 0 1 1 1 0 1 0 1 0 1 1 1 0 1 1 1 0 
0 0 0 0 0 1 0 0 0 1 0 0 0 0 0 1 0 0 0 0 0 
0 1 1 1 1 1 1 1 1 1 1 1 0 1 1 1 1 1 1 1 0 
0 1 0 1 0 0 0 1 0 1 0 1 0 0 0 1 0 0 0 1 0 
0 1 0 1 1 1 0 1 0 1 0 1 0 1 1 1 0 1 0 1 0 
0 1 0 0 0 0 0 0 0 0 0 1 0 1 0 0 0 1 0 0 0 
0 1 1 1 1 1 0 1 1 1 1 1 1 1 1 1 0 1 1 1 0 
0 1 0 0 0 1 0 0 0 0 0 0 0 1 0 1 0 1 0 0 0 
0 1 0 1 1 1 1 1 1 1 0 1 0 1 0 1 0 1 0 1 0 
0 1 0 1 0 0 0 0 0 0 0 1 0 0 0 1 0 1 0 1 0 
0 1 0 1 1 1 1 1 1 1 1 1 1 1 0 1 1 1 1 3 0 
0 0 0 0 0 0 0 0 0 0 0 0 0 0 0 0 0 0 0 0 0 
33 33 31 31
0 0 0 0 0 0 0 0 0 0 0 0 0 0 0 0 0 0 0 0 0 0 0 0 0 0 0 0 0 0 0 0 0 
0 2 1 1 1 1 1 1 0 1 1 1 1 1 0 0 0 1 1 1 1 1 0 1 1 1 1 1 1 1 1 1 0 
0 1 0 0 0 0 0 1 0 0 0 1 0 0 0 0 0 1 0 0 0 1 0 0 0 0 0 0 0 1 0 1 0 
0 1 1 1 1 1 0 1 0 1 1 1 0 1 0 1 1 1 1 1 0 1 0 1 1 1 1 1 1 1 0 1 0 
0 0 0 0 0 0 0 1 0 0 0 1 0 1 0 0 0 0 0 0 0 1 0 1 0 0 0 0 0 0 0 1 0 
0 1 0 1 0 1 1 1 0 1 1 1 1 1 0 1 1 1 1 1 0 1 1 1 0 1 0 1 0 1 1 1 0 
0 1 0 1 0 1 0 0 0 1 0 1 0 1 0 1 0 0 0 1 0 1 0 1 0 1 0 1 0 1 0 0 0 
0 1 1 1 1 1 1 1 0 1 0 1 0 1 1 1 1 1 0 1 0 1 0 1 0 1 1 1 1 1 1 1 0 
0 1 0 0 0 0 0 1 0 0 0 1 0 0 0 0 0 0 0 1 0 0 0 1 0 0 0 1 0 0 0 1 0 
0 1 0 1 1 1 1 1 0 1 0 1 0 1 1 1 1 1 0 1 1 1 1 1 1 1 0 1 1 1 0 1 0 
0 0 0 0 0 1 0 0 0 1 0 1 0 0 0 1 0 1 0 1 0 1 0 1 0 0 0 0 0 1 0 0 0 
0 1 1 1 0 1 1 1 0 1 1 1 0 1 1 1 0 1 1 1 0 1 0 1 1 1 0 1 0 1 1 1 0 
0 1 0 0 0 1 0 1 0 0 0 1 0 0 0 0 0 1 0 0 0 0 0 1 0 0 0 1 0 1 0 0 0 
0 1 1 1 0 1 0 1 1 1 1 1 1 1 1 1 0 1 1 1 0 1 1 1 0 1 1 1 0 1 1 1 0 
0 1 0 0 0 1 0 0 0 0 0 1 0 0 0 0 0 0 0 0 0 1 0 1 0 0 0 1 0 0 0 1 0 
0 1 1 1 1 1 1 1 1 1 0 1 0 1 1 1 0 1 1 1 1 1 0 1 0 1 0 1 0 1 0 1 0 
0 0 0 0 0 1 0 0 0 0 0 0 0 1 0 1 0 0 0 1 0 0 0 0 0 1 0 1 0 1 0 0 0 
0 1 1 1 1 1 0 1 1 1 0 1 1 1 0 1 0 1 0 1 0 1 1 1 0 1 1 1 0 1 0 1 0 
0 0 0 1 0 1 0 1 0 0 0 1 0 0 0 1 0 1 0 1 0 1 0 0 0 1 0 1 0 1 0 1 0 
0 1 0 1 0 1 1 1 1 1 1 1 0 1 1 1 1 1 0 1 1 1 1 1 1 1 0 1 1 1 1 1 0 
0 1 0 0 0 1 0 0 0 0 0 1 0 0 0 1 0 0 0 1 0 0 0 1 0 0 0 0 0 1 0 1 0 
0 1 0 1 1 1 0 1 1 1 0 1 0 1 1 1 1 1 0 1 1 1 0 1 0 1 0 0 0 1 0 1 0 
0 1 0 0 0 1 0 1 0 0 0 0 0 1 0 0 0 0 0 0 0 0 0 0 0 1 0 0 0 1 0 0 0 
0 1 0 1 1 1 1 1 1 1 0 1 1 1 1 1 1 1 1 1 0 1 1 1 1 1 1 1 1 1 1 1 0 
0 1 0 0 0 0 0 1 0 0 0 0 0 1 0 0 0 1 0 0 0 0 0 1 0 0 0 1 0 1 0 0 0 
0 1 1 1 0 1 1 1 0 1 0 1 1 1 0 1 0 1 0 1 0 1 0 1 0 1 1 1 0 1 1 1 0 
0 0 0 1 0 0 0 1 0 1 0 0 0 0 0 1 0 1 0 1 0 1 0 0 0 1 0 0 0 0 0 1 0 
0 1 1 1 1 1 0 1 0 1 1 1 1 1 0 1 1 1 0 1 0 1 1 1 0 1 1 1 0 1 1 1 0 
0 1 0 1 0 1 0 0 0 1 0 0 0 0 0 1 0 0 0 1 0 0 0 1 0 0 0 1 0 1 0 1 0 
0 1 0 1 0 1 1 1 1 1 1 1 1 1 1 1 1 1 1 1 1 1 1 1 1 1 0 1 0 1 0 1 0 
0 1 0 0 0 0 0 0 0 1 0 0 0 1 0 0 0 0 0 1 0 1 0 0 0 1 0 0 0 0 0 1 0 
0 1 1 1 0 1 1 1 1 1 0 1 1 1 1 1 0 1 1 1 0 1 0 1 1 1 1 1 1 1 0 3 0 
0 0 0 0 0 0 0 0 0 0 0 0 0 0 0 0 0 0 0 0 0 0 0 0 0 0 0 0 0 0 0 0 0 
18 18 15 15
0 0 0 0 0 0 0 0 0 0 0 0 0 0 0 0 0 0 
0 2 0 1 0 1 1 1 0 1 0 1 1 1 0 1 0 0 
0 1 0 1 0 1 0 1 0 1 0 1 0 0 0 1 0 0 
0 1 0 1 1 1 0 1 1 1 0 1 1 1 1 1 0 0 
0 1 0 0 0 0 0 1 0 0 0 0 0 1 0 0 0 0 
0 1 0 1 0 1 1 1 1 1 1 1 1 1 0 1 0 0 
0 1 0 1 0 1 0 0 0 1 0 0 0 0 0 1 0 0 
0 1 1 1 1 1 0 1 0 1 0 1 1 1 1 1 0 0 
0 0 0 1 0 0 0 1 0 1 0 0 0 1 0 1 0 0 
0 1 0 1 0 1 0 1 0 1 0 1 0 1 0 1 0 0 
0 1 0 0 0 1 0 1 0 1 0 1 0 1 0 0 0 0 
0 1 0 1 0 1 1 1 1 1 1 1 0 1 1 1 0 0 
0 1 0 1 0 1 0 1 0 1 0 1 0 1 0 0 0 0 
0 1 1 1 1 1 0 1 0 1 0 1 1 1 1 1 0 0 
0 1 0 0 0 1 0 0 0 1 0 1 0 1 0 1 0 0 
0 1 1 1 0 1 1 1 0 1 0 1 0 1 0 3 0 0 
0 0 0 0 0 0 0 0 0 0 0 0 0 0 0 0 0 0 
0 0 0 0 0 0 0 0 0 0 0 0 0 0 0 0 0 0 
14 14 11 11
0 0 0 0 0 0 0 0 0 0 0 0 0 0 
0 2 1 1 1 1 0 1 0 1 1 1 0 0 
0 0 0 0 0 1 0 1 0 0 0 1 0 0 
0 1 0 1 1 1 1 1 1 1 1 1 0 0 
0 1 0 1 0 1 0 0 0 0 0 1 0 0 
0 1 1 1 0 1 0 1 1 1 0 1 0 0 
0 0 0 0 0 1 0 1 0 0 0 0 0 0 
0 1 1 1 1 1 1 1 0 1 0 1 0 0 
0 1 0 0 0 1 0 0 0 1 0 1 0 0 
0 1 1 1 0 1 1 1 1 1 0 1 0 0 
0 1 0 0 0 0 0 1 0 1 0 1 0 0 
0 1 1 1 0 1 1 1 0 1 1 3 0 0 
0 0 0 0 0 0 0 0 0 0 0 0 0 0 
0 0 0 0 0 0 0 0 0 0 0 0 0 0 
24 24 21 21
0 0 0 0 0 0 0 0 0 0 0 0 0 0 0 0 0 0 0 0 0 0 0 0 
0 2 0 1 1 1 1 1 1 1 1 1 1 1 0 1 1 1 0 1 1 1 0 0 
0 1 0 0 0 1 0 0 0 1 0 1 0 0 0 0 0 1 0 0 0 1 0 0 
0 1 0 1 0 1 0 1 1 1 0 1 1 1 1 1 0 1 1 1 0 1 0 0 
0 1 0 1 0 1 0 1 0 0 0 0 0 0 0 1 0 1 0 0 0 1 0 0 
0 1 0 1 1 1 0 1 1 1 0 1 1 1 0 1 0 1 1 1 1 1 0 0 
0 1 0 1 0 0 0 0 0 1 0 0 0 1 0 0 0 1 0 1 0 0 0 0 
0 1 1 1 1 1 1 1 0 1 1 1 0 1 0 1 1 1 0 1 1 1 0 0 
0 0 0 0 0 0 0 0 0 0 0 1 0 1 0 0 0 1 0 0 0 1 0 0 
0 1 1 1 1 1 1 1 0 1 1 1 1 1 0 1 1 1 0 1 1 1 0 0 
0 0 0 1 0 0 0 1 0 1 0 0 0 1 0 1 0 0 0 0 0 0 0 0 
0 1 0 1 1 1 0 1 1 1 1 1 0 1 1 1 0 1 1 1 0 1 0 0 
0 1 0 1 0 1 0 0 0 0 0 1 0 0 0 1 0 1 0 1 0 1 0 0 
0 1 1 1 0 1 0 1 1 1 0 1 0 1 1 1 0 1 0 1 0 1 0 0 
0 0 0 0 0 1 0 1 0 0 0 0 0 0 0 0 0 1 0 0 0 1 0 0 
0 1 0 1 1 1 1 1 0 1 1 1 1 1 1 1 0 1 1 1 1 1 0 0 
0 1 0 1 0 1 0 1 0 0 0 1 0 1 0 1 0 1 0 1 0 1 0 0 
0 1 1 1 0 1 0 1 1 1 1 1 0 1 0 1 1 1 0 1 0 1 0 0 
0 1 0 0 0 1 0 1 0 1 0 0 0 0 0 0 0 0 0 1 0 0 0 0 
0 1 1 1 0 1 0 1 0 1 1 1 0 1 0 1 1 1 0 1 1 1 0 0 
0 0 0 1 0 0 0 0 0 0 0 0 0 1 0 0 0 1 0 1 0 0 0 0 
0 1 1 1 1 1 0 1 1 1 1 1 1 1 1 1 1 1 1 1 1 3 0 0 
0 0 0 0 0 0 0 0 0 0 0 0 0 0 0 0 0 0 0 0 0 0 0 0 
0 0 0 0 0 0 0 0 0 0 0 0 0 0 0 0 0 0 0 0 0 0 0 0 
16 16 13 13
0 0 0 0 0 0 0 0 0 0 0 0 0 0 0 0 
0 2 1 1 1 1 0 1 1 1 0 1 1 1 0 0 
0 1 0 0 0 0 0 1 0 1 0 1 0 0 0 0 
0 1 1 1 0 1 1 1 0 1 0 1 1 1 0 0 
0 1 0 0 0 0 0 0 0 1 0 1 0 1 0 0 
0 1 0 1 1 1 0 1 0 1 1 1 0 1 0 0 
0 1 0 1 0 0 0 1 0 1 0 0 0 0 0 0 
0 1 1 1 1 1 1 1 1 1 1 1 1 1 0 0 
0 1 0 1 0 0 0 0 0 1 0 0 0 1 0 0 
0 1 0 1 1 1 0 1 0 1 0 1 0 1 0 0 
0 0 0 0 0 1 0 1 0 1 0 1 0 1 0 0 
0 1 1 1 0 1 1 1 0 1 0 1 1 1 0 0 
0 0 0 1 0 1 0 1 0 0 0 1 0 0 0 0 
0 1 1 1 1 1 0 1 0 0 0 1 1 3 0 0 
0 0 0 0 0 0 0 0 0 0 0 0 0 0 0 0 
0 0 0 0 0 0 0 0 0 0 0 0 0 0 0 0 
28 28 25 25
0 0 0 0 0 0 0 0 0 0 0 0 0 0 0 0 0 0 0 0 0 0 0 0 0 0 0 0 
0 2 1 1 1 1 0 0 0 1 1 1 1 1 0 1 1 1 0 1 1 1 1 1 0 1 0 0 
0 1 0 0 0 1 0 0 0 1 0 1 0 1 0 0 0 1 0 0 0 0 0 1 0 1 0 0 
0 1 0 1 1 1 0 1 1 1 0 1 0 1 1 1 0 1 0 1 1 1 0 1 1 1 0 0 
0 0 0 0 0 1 0 0 0 0 0 0 0 0 0 1 0 1 0 1 0 0 0 1 0 0 0 0 
0 1 0 1 0 1 1 1 1 1 1 1 1 1 1 1 1 1 0 1 1 1 0 1 1 1 0 0 
0 1 0 1 0 1 0 0 0 1 0 0 0 0 0 0 0 1 0 0 0 1 0 0 0 1 0 0 
0 1 0 1 0 1 0 1 0 1 1 1 1 1 0 1 0 1 1 1 1 1 0 1 1 1 0 0 
0 1 0 1 0 1 0 1 0 0 0 1 0 1 0 1 0 0 0 0 0 1 0 1 0 0 0 0 
0 1 1 1 1 1 0 1 1 1 0 1 0 1 1 1 1 1 0 1 1 1 1 1 1 1 0 0 
0 1 0 0 0 1 0 1 0 0 0 0 0 0 0 1 0 1 0 0 0 1 0 0 0 0 0 0 
0 1 1 1 0 1 1 1 0 1 0 1 0 1 1 1 0 1 0 1 1 1 1 1 0 1 0 0 
0 0 0 1 0 0 0 1 0 1 0 1 0 0 0 0 0 0 0 0 0 0 0 1 0 1 0 0 
0 1 0 1 0 1 1 1 1 1 0 1 1 1 1 1 1 1 1 1 0 1 1 1 1 1 0 0 
0 1 0 0 0 1 0 1 0 1 0 1 0 1 0 0 0 0 0 1 0 1 0 1 0 1 0 0 
0 1 1 1 0 1 0 1 0 1 0 1 0 1 0 1 1 1 0 1 0 1 0 1 0 1 0 0 
0 1 0 0 0 1 0 1 0 0 0 1 0 0 0 1 0 0 0 1 0 0 0 1 0 0 0 0 
0 1 0 1 1 1 0 1 0 1 0 1 0 1 1 1 1 1 0 1 1 1 0 1 0 1 0 0 
0 1 0 0 0 1 0 1 0 1 0 1 0 1 0 1 0 1 0 0 0 0 0 0 0 1 0 0 
0 1 0 1 1 1 0 1 1 1 0 1 1 1 0 1 0 1 0 1 1 1 0 1 1 1 0 0 
0 1 0 0 0 1 0 1 0 0 0 1 0 1 0 0 0 0 0 1 0 1 0 0 0 1 0 0 
0 1 1 1 1 1 0 1 0 1 1 1 0 1 0 1 1 1 1 1 0 1 0 1 0 1 0 0 
0 1 0 1 0 0 0 1 0 1 0 0 0 0 0 1 0 0 0 1 0 0 0 1 0 0 0 0 
0 1 0 1 1 1 0 1 0 1 1 1 1 1 1 1 0 1 1 1 0 1 1 1 1 1 0 0 
0 0 0 1 0 1 0 1 0 1 0 1 0 0 0 0 0 0 0 0 0 1 0 0 0 0 0 0 
0 0 0 1 0 1 0 1 1 1 0 1 1 1 1 1 1 1 1 1 1 1 1 1 1 3 0 0 
0 0 0 0 0 0 0 0 0 0 0 0 0 0 0 0 0 0 0 0 0 0 0 0 0 0 0 0 
0 0 0 0 0 0 0 0 0 0 0 0 0 0 0 0 0 0 0 0 0 0 0 0 0 0 0 0 
14 14 11 11
0 0 0 0 0 0 0 0 0 0 0 0 0 0 
0 2 1 1 1 1 1 1 0 1 1 1 0 0 
0 0 0 0 0 1 0 1 0 1 0 0 0 0 
0 1 1 1 1 1 0 1 1 1 0 1 0 0 
0 1 0 0 0 1 0 0 0 1 0 1 0 0 
0 1 1 1 0 1 0 1 1 1 1 1 0 0 
0 1 0 1 0 0 0 0 0 1 0 1 0 0 
0 1 0 1 0 1 0 1 0 1 0 1 0 0 
0 0 0 0 0 1 0 1 0 1 0 0 0 0 
0 1 0 1 1 1 1 1 1 1 0 1 0 0 
0 1 0 1 0 0 0 1 0 0 0 1 0 0 
0 1 1 1 0 1 1 1 1 1 1 3 0 0 
0 0 0 0 0 0 0 0 0 0 0 0 0 0 
0 0 0 0 0 0 0 0 0 0 0 0 0 0 
20 20 17 17
0 0 0 0 0 0 0 0 0 0 0 0 0 0 0 0 0 0 0 0 
0 2 1 1 1 1 0 1 1 1 1 1 1 1 1 1 0 1 0 0 
0 0 0 1 0 0 0 0 0 0 0 0 0 0 0 1 0 1 0 0 
0 1 1 1 0 1 0 1 1 1 1 1 1 1 0 1 1 1 0 0 
0 1 0 1 0 1 0 0 0 1 0 0 0 1 0 1 0 1 0 0 
0 1 0 1 0 1 1 1 1 1 0 1 1 1 1 1 0 1 0 0 
0 0 0 1 0 0 0 0 0 1 0 1 0 0 0 1 0 1 0 0 
0 1 1 1 0 1 1 1 1 1 0 1 0 1 1 1 0 1 0 0 
0 1 0 1 0 0 0 0 0 1 0 1 0 0 0 0 0 0 0 0 
0 1 0 1 0 1 0 1 1 1 0 1 1 1 1 1 0 1 0 0 
0 1 0 1 0 1 0 0 0 0 0 0 0 1 0 1 0 1 0 0 
0 1 0 1 0 1 0 1 1 1 1 1 1 1 0 1 1 1 0 0 
0 1 0 0 0 1 0 0 0 1 0 0 0 0 0 1 0 1 0 0 
0 1 1 1 0 1 1 1 0 1 0 1 1 1 1 1 0 1 0 0 
0 0 0 1 0 0 0 1 0 1 0 0 0 0 0 1 0 0 0 0 
0 1 1 1 1 1 1 1 1 1 0 1 1 1 1 1 0 1 0 0 
0 0 0 1 0 0 0 0 0 1 0 1 0 0 0 1 0 1 0 0 
0 1 1 1 0 1 1 1 1 1 0 1 1 1 0 1 1 3 0 0 
0 0 0 0 0 0 0 0 0 0 0 0 0 0 0 0 0 0 0 0 
0 0 0 0 0 0 0 0 0 0 0 0 0 0 0 0 0 0 0 0 
33 33 31 31
0 0 0 0 0 0 0 0 0 0 0 0 0 0 0 0 0 0 0 0 0 0 0 0 0 0 0 0 0 0 0 0 0 
0 2 1 1 1 1 1 1 1 1 1 1 1 1 1 1 1 1 1 1 1 1 1 1 1 1 0 1 1 1 1 1 0 
0 0 0 1 0 0 0 0 0 1 0 1 0 1 0 1 0 1 0 0 0 0 0 0 0 0 0 1 0 0 0 0 0 
0 1 0 1 0 1 0 1 1 1 0 1 0 1 0 1 0 1 1 1 1 1 0 1 1 1 0 1 1 1 0 1 0 
0 1 0 0 0 1 0 0 0 0 0 1 0 0 0 0 0 0 0 0 0 1 0 1 0 1 0 0 0 1 0 1 0 
0 1 1 1 1 1 1 1 1 1 0 1 1 1 0 1 1 1 0 1 1 1 0 1 0 1 0 1 1 1 1 1 0 
0 1 0 1 0 0 0 1 0 0 0 1 0 1 0 1 0 0 0 0 0 0 0 0 0 1 0 0 0 1 0 1 0 
0 1 0 1 0 1 0 1 0 1 0 1 0 1 0 1 1 1 0 1 1 1 0 1 0 1 1 1 1 1 0 1 0 
0 0 0 0 0 1 0 1 0 1 0 1 0 1 0 1 0 1 0 0 0 1 0 1 0 1 0 1 0 0 0 0 0 
0 1 1 1 1 1 1 1 1 1 1 1 0 1 1 1 0 1 0 1 0 1 1 1 1 1 0 1 0 1 0 1 0 
0 0 0 1 0 0 0 0 0 1 0 0 0 1 0 0 0 1 0 1 0 1 0 0 0 0 0 1 0 1 0 1 0 
0 1 1 1 0 1 0 1 1 1 0 1 0 1 0 1 1 1 1 1 0 1 1 1 1 1 0 1 1 1 1 1 0 
0 0 0 1 0 1 0 0 0 1 0 1 0 1 0 0 0 0 0 1 0 0 0 0 0 1 0 0 0 0 0 0 0 
0 1 1 1 1 1 0 1 1 1 0 1 0 1 0 1 1 1 0 1 1 1 1 1 1 1 0 1 0 1 0 1 0 
0 1 0 1 0 0 0 0 0 0 0 1 0 1 0 0 0 1 0 1 0 0 0 0 0 1 0 1 0 1 0 1 0 
0 1 0 1 1 1 1 1 0 1 1 1 1 1 1 1 0 1 1 1 0 1 1 1 1 1 1 1 0 1 1 1 0 
0 0 0 0 0 1 0 0 0 0 0 0 0 0 0 0 0 1 0 0 0 0 0 0 0 0 0 1 0 0 0 1 0 
0 1 0 1 1 1 1 1 0 1 1 1 0 1 1 1 1 1 1 1 1 1 1 1 0 1 1 1 1 1 1 1 0 
0 1 0 1 0 0 0 1 0 0 0 1 0 0 0 1 0 1 0 0 0 1 0 1 0 0 0 1 0 0 0 0 0 
0 1 1 1 1 1 0 1 0 1 1 1 1 1 0 1 0 1 1 1 0 1 0 1 1 1 0 1 0 1 1 1 0 
0 1 0 0 0 1 0 0 0 0 0 0 0 1 0 1 0 0 0 1 0 0 0 1 0 0 0 0 0 0 0 1 0 
0 1 0 1 1 1 1 1 0 1 1 1 0 1 0 1 0 1 0 1 1 1 0 1 0 1 1 1 0 1 1 1 0 
0 0 0 0 0 1 0 0 0 1 0 1 0 1 0 1 0 1 0 0 0 0 0 1 0 1 0 1 0 1 0 1 0 
0 1 1 1 1 1 1 1 1 1 0 1 0 1 0 1 0 1 1 1 0 1 1 1 0 1 0 1 1 1 0 1 0 
0 1 0 1 0 0 0 0 0 0 0 0 0 1 0 1 0 0 0 1 0 0 0 1 0 0 0 0 0 0 0 1 0 
0 1 0 1 1 1 0 1 1 1 1 1 1 1 0 1 0 1 1 1 1 1 1 1 1 1 0 1 1 1 0 1 0 
0 0 0 1 0 0 0 1 0 1 0 1 0 0 0 0 0 0 0 1 0 1 0 0 0 0 0 1 0 1 0 1 0 
0 1 1 1 1 1 1 1 0 1 0 1 1 1 0 1 1 1 0 1 0 1 1 1 1 1 0 1 0 1 1 1 0 
0 0 0 0 0 1 0 0 0 0 0 0 0 0 0 1 0 0 0 1 0 0 0 0 0 1 0 1 0 1 0 0 0 
0 1 1 1 1 1 1 1 1 1 0 1 1 1 1 1 1 1 1 1 0 1 1 1 1 1 1 1 0 1 1 1 0 
0 0 0 1 0 0 0 1 0 0 0 0 0 1 0 1 0 1 0 0 0 0 0 1 0 0 0 1 0 1 0 0 0 
0 1 1 1 1 1 0 1 1 1 0 1 1 1 0 1 0 1 1 1 0 1 1 1 1 1 0 1 0 1 1 3 0 
0 0 0 0 0 0 0 0 0 0 0 0 0 0 0 0 0 0 0 0 0 0 0 0 0 0 0 0 0 0 0 0 0 
17 17 15 15
0 0 0 0 0 0 0 0 0 0 0 0 0 0 0 0 0 
0 2 1 1 1 1 1 1 1 1 1 1 1 1 1 1 0 
0 0 0 0 0 1 0 0 0 0 0 1 0 1 0 1 0 
0 1 0 1 1 1 1 1 0 1 0 1 0 1 0 1 0 
0 1 0 0 0 0 0 1 0 1 0 0 0 0 0 0 0 
0 1 1 1 1 1 0 1 0 1 0 1 1 1 0 1 0 
0 1 0 0 0 0 0 1 0 1 0 0 0 1 0 1 0 
0 1 1 1 1 1 1 1 0 1 0 1 1 1 0 1 0 
0 1 0 0 0 0 0 1 0 1 0 1 0 1 0 1 0 
0 1 0 1 1 1 0 1 1 1 0 1 0 1 1 1 0 
0 0 0 0 0 1 0 0 0 1 0 1 0 1 0 1 0 
0 1 1 1 0 1 1 1 1 1 1 1 0 1 0 1 0 
0 1 0 0 0 0 0 0 0 0 0 1 0 0 0 1 0 
0 1 1 1 0 1 1 1 0 1 1 1 0 1 1 1 0 
0 0 0 1 0 1 0 1 0 1 0 1 0 1 0 1 0 
0 1 1 1 1 1 0 1 1 1 0 1 0 1 0 3 0 
0 0 0 0 0 0 0 0 0 0 0 0 0 0 0 0 0 
15 15 13 13
0 0 0 0 0 0 0 0 0 0 0 0 0 0 0 
0 2 1 1 1 1 1 1 1 1 1 1 1 1 0 
0 0 0 0 0 0 0 0 0 1 0 0 0 0 0 
0 1 1 1 0 1 1 1 0 1 1 1 0 1 0 
0 0 0 1 0 0 0 1 0 1 0 1 0 1 0 
0 1 1 1 0 1 1 1 0 1 0 1 1 1 0 
0 0 0 1 0 1 0 1 0 1 0 0 0 1 0 
0 1 1 1 1 1 0 1 1 1 0 1 1 1 0 
0 1 0 1 0 0 0 0 0 1 0 0 0 1 0 
0 1 0 1 1 1 0 1 1 1 0 1 0 1 0 
0 0 0 1 0 0 0 0 0 1 0 1 0 0 0 
0 1 1 1 0 1 1 1 0 1 1 1 0 1 0 
0 0 0 1 0 1 0 0 0 1 0 0 0 1 0 
0 1 1 1 1 1 1 1 0 1 1 1 1 3 0 
0 0 0 0 0 0 0 0 0 0 0 0 0 0 0 
13 13 11 11
0 0 0 0 0 0 0 0 0 0 0 0 0 
0 2 1 1 0 1 0 1 0 1 1 1 0 
0 0 0 1 0 1 0 1 0 1 0 0 0 
0 1 0 1 1 1 1 1 1 1 0 1 0 
0 1 0 1 0 0 0 1 0 0 0 1 0 
0 1 0 1 1 1 0 1 1 1 1 1 0 
0 1 0 1 0 1 0 1 0 0 0 0 0 
0 1 1 1 0 1 0 1 0 1 1 1 0 
0 1 0 0 0 0 0 1 0 1 0 0 0 
0 1 0 1 1 1 0 1 1 1 1 1 0 
0 1 0 1 0 0 0 1 0 1 0 1 0 
0 1 1 1 0 1 1 1 0 1 0 3 0 
0 0 0 0 0 0 0 0 0 0 0 0 0 
19 19 17 17
0 0 0 0 0 0 0 0 0 0 0 0 0 0 0 0 0 0 0 
0 2 1 1 1 1 0 1 0 1 1 1 1 1 0 1 1 1 0 
0 1 0 0 0 1 0 1 0 1 0 0 0 0 0 1 0 0 0 
0 1 0 1 1 1 1 1 0 1 1 1 1 1 1 1 0 1 0 
0 0 0 0 0 1 0 1 0 1 0 0 0 0 0 1 0 1 0 
0 1 1 1 1 1 0 1 0 1 1 1 0 1 0 1 1 1 0 
0 0 0 0 0 1 0 0 0 1 0 0 0 1 0 1 0 1 0 
0 1 1 1 1 1 0 1 1 1 1 1 0 1 0 1 0 1 0 
0 0 0 0 0 1 0 1 0 0 0 0 0 1 0 1 0 0 0 
0 1 1 1 0 1 1 1 1 1 0 1 1 1 1 1 0 1 0 
0 1 0 0 0 1 0 0 0 0 0 1 0 1 0 1 0 1 0 
0 1 1 1 1 1 1 1 0 1 1 1 0 1 0 1 1 1 0 
0 1 0 0 0 1 0 1 0 0 0 0 0 0 0 1 0 1 0 
0 1 0 1 1 1 0 1 0 1 1 1 1 1 0 1 0 1 0 
0 0 0 1 0 0 0 1 0 1 0 0 0 1 0 0 0 0 0 
0 1 1 1 0 1 1 1 1 1 0 1 1 1 0 1 1 1 0 
0 0 0 0 0 1 0 0 0 1 0 0 0 1 0 0 0 1 0 
0 1 1 1 1 1 0 1 1 1 1 1 0 1 1 1 1 3 0 
0 0 0 0 0 0 0 0 0 0 0 0 0 0 0 0 0 0 0 
11 11 9 9
0 0 0 0 0 0 0 0 0 0 0 
0 2 0 1 1 1 1 1 1 1 0 
0 1 0 0 0 1 0 0 0 1 0 
0 1 0 1 1 1 0 1 0 1 0 
0 1 0 1 0 1 0 1 0 1 0 
0 1 0 1 0 1 1 1 0 1 0 
0 1 0 1 0 0 0 1 0 1 0 
0 1 1 1 1 1 0 1 0 1 0 
0 1 0 1 0 1 0 0 0 0 0 
0 1 0 1 0 1 1 1 1 3 0 
0 0 0 0 0 0 0 0 0 0 0 
21 21 19 19
0 0 0 0 0 0 0 0 0 0 0 0 0 0 0 0 0 0 0 0 0 
0 2 1 1 1 1 1 1 1 1 1 1 1 1 1 1 0 1 1 1 0 
0 1 0 0 0 0 0 1 0 0 0 1 0 1 0 0 0 0 0 0 0 
0 1 1 1 0 1 1 1 0 1 1 1 0 1 0 1 1 1 1 1 0 
0 0 0 1 0 0 0 0 0 1 0 0 0 0 0 0 0 0 0 1 0 
0 1 1 1 1 1 1 1 0 1 0 1 1 1 1 1 1 1 1 1 0 
0 1 0 1 0 1 0 0 0 0 0 1 0 1 0 1 0 1 0 0 0 
0 1 0 1 0 1 1 1 1 1 0 1 0 1 0 1 0 1 1 1 0 
0 0 0 1 0 0 0 0 0 0 0 1 0 1 0 1 0 0 0 1 0 
0 1 0 1 1 1 1 1 0 1 1 1 0 1 0 1 0 1 1 1 0 
0 1 0 1 0 0 0 0 0 0 0 1 0 1 0 0 0 0 0 0 0 
0 1 0 1 1 1 0 1 0 1 0 1 0 1 1 1 0 1 1 1 0 
0 1 0 1 0 1 0 1 0 1 0 1 0 0 0 1 0 0 0 1 0 
0 1 1 1 0 1 1 1 1 1 1 1 0 1 0 1 1 1 1 1 0 
0 1 0 1 0 0 0 0 0 1 0 0 0 1 0 1 0 1 0 0 0 
0 1 0 1 0 1 1 1 0 1 0 1 0 1 1 1 0 1 0 1 0 
0 0 0 1 0 0 0 1 0 1 0 1 0 0 0 1 0 0 0 1 0 
0 1 0 1 0 1 1 1 1 1 0 1 0 1 1 1 1 1 1 1 0 
0 1 0 1 0 1 0 0 0 1 0 1 0 0 0 0 0 1 0 1 0 
0 1 1 1 0 1 0 1 1 1 1 1 1 1 1 1 0 1 0 3 0 
0 0 0 0 0 0 0 0 0 0 0 0 0 0 0 0 0 0 0 0 0 
18 18 15 15
0 0 0 0 0 0 0 0 0 0 0 0 0 0 0 0 0 0 
0 2 1 1 0 1 1 1 1 1 1 1 0 1 1 1 0 0 
0 0 0 1 0 0 0 0 0 1 0 0 0 0 0 1 0 0 
0 1 0 1 1 1 1 1 1 1 1 1 0 1 0 1 0 0 
0 1 0 1 0 0 0 1 0 0 0 1 0 1 0 1 0 0 
0 1 1 1 1 1 0 1 1 1 0 1 1 1 0 1 0 0 
0 1 0 0 0 0 0 0 0 0 0 1 0 1 0 1 0 0 
0 1 1 1 0 1 1 1 1 1 0 1 0 1 1 1 0 0 
0 0 0 0 0 1 0 0 0 0 0 0 0 0 0 1 0 0 
0 1 1 1 1 1 0 1 1 1 1 1 1 1 0 1 0 0 
0 0 0 0 0 1 0 1 0 0 0 1 0 1 0 1 0 0 
0 1 1 1 1 1 0 1 0 1 1 1 0 1 1 1 0 0 
0 1 0 1 0 1 0 0 0 0 0 0 0 1 0 0 0 0 
0 1 0 1 0 1 1 1 1 1 1 1 0 1 1 1 0 0 
0 1 0 1 0 1 0 1 0 1 0 0 0 1 0 1 0 0 
0 1 0 1 0 1 0 1 0 1 1 1 1 1 0 3 0 0 
0 0 0 0 0 0 0 0 0 0 0 0 0 0 0 0 0 0 
0 0 0 0 0 0 0 0 0 0 0 0 0 0 0 0 0 0 
19 19 17 17
0 0 0 0 0 0 0 0 0 0 0 0 0 0 0 0 0 0 0 
0 2 0 1 1 1 0 1 1 1 0 1 1 1 1 1 0 0 0 
0 1 0 1 0 1 0 1 0 1 0 1 0 1 0 0 0 0 0 
0 1 0 1 0 1 1 1 0 1 0 1 0 1 1 1 1 1 0 
0 1 0 0 0 0 0 1 0 0 0 0 0 1 0 0 0 0 0 
0 1 1 1 0 1 0 1 0 1 1 1 1 1 0 1 0 1 0 
0 1 0 1 0 1 0 1 0 0 0 1 0 1 0 1 0 1 0 
0 1 0 1 1 1 1 1 0 1 1 1 0 1 0 1 1 1 0 
0 1 0 0 0 0 0 1 0 0 0 1 0 1 0 0 0 1 0 
0 1 0 1 0 1 0 1 0 1 0 1 0 1 0 1 1 1 0 
0 0 0 1 0 1 0 1 0 1 0 0 0 1 0 0 0 1 0 
0 1 1 1 1 1 0 1 1 1 0 1 1 1 0 1 0 1 0 
0 0 0 0 0 1 0 1 0 1 0 1 0 0 0 1 0 1 0 
0 1 0 1 1 1 1 1 0 1 0 1 1 1 1 1 1 1 0 
0 1 0 1 0 0 0 1 0 0 0 1 0 0 0 1 0 1 0 
0 1 1 1 0 1 1 1 0 1 1 1 0 1 1 1 0 1 0 
0 1 0 0 0 1 0 1 0 1 0 0 0 0 0 0 0 1 0 
0 1 0 1 1 1 0 1 1 1 0 1 1 1 1 1 1 3 0 
0 0 0 0 0 0 0 0 0 0 0 0 0 0 0 0 0 0 0 
5 5 3 3
0 0 0 0 0 
0 2 1 1 0 
0 0 0 1 0 
0 1 1 3 0 
0 0 0 0 0 
17 17 15 15
0 0 0 0 0 0 0 0 0 0 0 0 0 0 0 0 0 
0 2 1 1 1 1 1 1 0 1 0 1 1 1 0 1 0 
0 0 0 0 0 0 0 1 0 1 0 0 0 1 0 1 0 
0 1 1 1 1 1 1 1 1 1 0 1 0 1 0 1 0 
0 1 0 0 0 1 0 1 0 1 0 1 0 1 0 1 0 
0 1 0 1 1 1 0 1 0 1 0 1 1 1 1 1 0 
0 0 0 0 0 0 0 0 0 1 0 1 0 0 0 0 0 
0 1 0 1 1 1 0 1 1 1 1 1 1 1 1 1 0 
0 1 0 1 0 0 0 0 0 1 0 1 0 0 0 0 0 
0 1 1 1 0 1 0 1 0 1 0 1 1 1 1 1 0 
0 1 0 0 0 1 0 1 0 1 0 1 0 1 0 0 0 
0 1 1 1 1 1 1 1 0 1 0 1 0 1 0 1 0 
0 0 0 0 0 1 0 1 0 1 0 0 0 0 0 1 0 
0 1 1 1 1 1 0 1 1 1 1 1 0 1 0 1 0 
0 0 0 1 0 1 0 1 0 0 0 1 0 1 0 1 0 
0 1 1 1 0 1 0 1 0 1 1 1 1 1 1 3 0 
0 0 0 0 0 0 0 0 0 0 0 0 0 0 0 0 0 
28 28 25 25
0 0 0 0 0 0 0 0 0 0 0 0 0 0 0 0 0 0 0 0 0 0 0 0 0 0 0 0 
0 2 0 1 1 1 0 1 1 1 1 1 0 1 0 1 1 1 0 1 1 1 0 1 1 1 0 0 
0 1 0 0 0 1 0 1 0 0 0 1 0 1 0 1 0 0 0 0 0 1 0 1 0 1 0 0 
0 1 1 1 1 1 0 1 0 1 1 1 1 1 1 1 1 1 1 1 1 1 1 1 0 1 0 0 
0 1 0 1 0 0 0 0 0 1 0 0 0 0 0 1 0 1 0 0 0 0 0 0 0 1 0 0 
0 1 0 1 1 1 0 1 1 1 1 1 0 1 1 1 0 1 1 1 0 1 1 1 0 1 0 0 
0 1 0 1 0 1 0 0 0 0 0 1 0 0 0 0 0 0 0 1 0 1 0 1 0 0 0 0 
0 1 0 1 0 1 1 1 1 1 1 1 0 1 1 1 0 1 1 1 0 1 0 1 1 1 0 0 
0 0 0 0 0 1 0 0 0 0 0 1 0 0 0 1 0 0 0 0 0 1 0 1 0 1 0 0 
0 1 0 1 1 1 1 1 0 1 1 1 1 1 1 1 0 1 1 1 0 1 0 1 0 1 0 0 
0 1 0 1 0 1 0 1 0 0 0 0 0 0 0 1 0 0 0 1 0 1 0 1 0 0 0 0 
0 1 0 1 0 1 0 1 0 1 0 1 1 1 1 1 1 1 0 1 1 1 0 1 1 1 0 0 
0 1 0 1 0 1 0 0 0 1 0 0 0 1 0 1 0 0 0 0 0 0 0 1 0 0 0 0 
0 1 1 1 0 1 1 1 0 1 0 1 0 1 0 1 0 1 0 1 1 1 1 1 1 1 0 0 
0 0 0 1 0 1 0 0 0 1 0 1 0 1 0 1 0 1 0 0 0 0 0 0 0 1 0 0 
0 1 0 1 0 1 0 1 0 1 0 1 1 1 0 1 1 1 1 1 1 1 1 1 0 1 0 0 
0 1 0 0 0 1 0 1 0 1 0 1 0 1 0 1 0 0 0 0 0 0 0 1 0 1 0 0 
0 1 1 1 1 1 0 1 1 1 0 1 0 1 0 1 0 1 1 1 1 1 0 1 1 1 0 0 
0 1 0 0 0 0 0 0 0 1 0 1 0 0 0 0 0 0 0 1 0 0 0 1 0 0 0 0 
0 1 1 1 0 1 1 1 1 1 0 1 1 1 0 1 1 1 1 1 1 1 0 1 1 1 0 0 
0 1 0 0 0 1 0 1 0 1 0 1 0 0 0 0 0 0 0 1 0 0 0 0 0 0 0 0 
0 1 1 1 0 1 0 1 0 1 1 1 1 1 1 1 1 1 1 1 0 1 1 1 1 1 0 0 
0 0 0 1 0 0 0 0 0 0 0 1 0 1 0 1 0 0 0 0 0 1 0 0 0 1 0 0 
0 1 1 1 1 1 1 1 0 1 0 1 0 1 0 1 1 1 1 1 1 1 0 1 0 1 0 0 
0 0 0 1 0 1 0 1 0 1 0 1 0 1 0 1 0 1 0 1 0 0 0 1 0 1 0 0 
0 0 0 1 0 1 0 1 1 1 0 1 0 1 0 1 0 1 0 1 0 0 0 1 1 3 0 0 
0 0 0 0 0 0 0 0 0 0 0 0 0 0 0 0 0 0 0 0 0 0 0 0 0 0 0 0 
0 0 0 0 0 0 0 0 0 0 0 0 0 0 0 0 0 0 0 0 0 0 0 0 0 0 0 0 
13 13 11 11
0 0 0 0 0 0 0 0 0 0 0 0 0 
0 2 0 1 1 1 1 1 0 1 1 1 0 
0 1 0 1 0 1 0 1 0 0 0 0 0 
0 1 1 1 0 1 0 1 0 1 1 1 0 
0 1 0 0 0 0 0 0 0 0 0 1 0 
0 1 0 0 0 1 1 1 1 1 1 1 0 
0 1 0 0 0 0 0 1 0 0 0 0 0 
0 1 1 1 1 1 0 1 1 1 1 1 0 
0 0 0 0 0 1 0 1 0 0 0 0 0 
0 1 1 1 1 1 0 1 0 1 1 1 0 
0 0 0 1 0 0 0 1 0 0 0 1 0 
0 1 1 1 1 1 1 1 1 1 1 3 0 
0 0 0 0 0 0 0 0 0 0 0 0 0 
13 13 11 11
0 0 0 0 0 0 0 0 0 0 0 0 0 
0 2 1 1 1 1 1 1 1 1 1 1 0 
0 0 0 0 0 0 0 1 0 1 0 0 0 
0 1 1 1 0 1 1 1 0 1 0 1 0 
0 1 0 0 0 0 0 1 0 1 0 1 0 
0 1 1 1 1 1 0 1 0 1 1 1 0 
0 1 0 0 0 1 0 0 0 1 0 1 0 
0 1 1 1 0 1 1 1 1 1 0 1 0 
0 0 0 1 0 1 0 0 0 1 0 1 0 
0 1 0 1 0 1 0 1 1 1 0 1 0 
0 1 0 0 0 0 0 1 0 1 0 1 0 
0 1 1 1 0 1 1 1 0 1 0 3 0 
0 0 0 0 0 0 0 0 0 0 0 0 0 
23 23 21 21
0 0 0 0 0 0 0 0 0 0 0 0 0 0 0 0 0 0 0 0 0 0 0 
0 2 1 1 1 1 0 1 0 0 0 1 0 1 1 1 1 1 1 1 0 0 0 
0 1 0 0 0 1 0 1 0 0 0 1 0 0 0 0 0 1 0 0 0 0 0 
0 1 0 1 1 1 1 1 1 1 0 1 1 1 0 1 0 1 1 1 1 1 0 
0 0 0 1 0 1 0 0 0 0 0 1 0 0 0 1 0 1 0 1 0 1 0 
0 1 1 1 0 1 1 1 1 1 1 1 1 1 1 1 1 1 0 1 0 1 0 
0 0 0 0 0 1 0 0 0 0 0 0 0 1 0 0 0 0 0 1 0 0 0 
0 1 1 1 0 1 1 1 0 1 0 1 0 1 1 1 0 1 1 1 1 1 0 
0 1 0 0 0 0 0 1 0 1 0 1 0 1 0 0 0 1 0 0 0 1 0 
0 1 1 1 1 1 1 1 1 1 0 1 1 1 0 1 0 1 0 1 1 1 0 
0 0 0 1 0 0 0 1 0 0 0 0 0 1 0 1 0 0 0 1 0 0 0 
0 1 1 1 0 1 0 1 1 1 1 1 0 1 0 1 0 1 1 1 1 1 0 
0 0 0 1 0 1 0 0 0 1 0 0 0 0 0 1 0 1 0 0 0 1 0 
0 1 1 1 0 1 1 1 1 1 0 1 0 1 1 1 1 1 0 1 0 1 0 
0 1 0 0 0 1 0 1 0 0 0 1 0 1 0 1 0 0 0 1 0 0 0 
0 1 0 1 0 1 0 1 1 1 1 1 0 1 0 1 0 1 1 1 1 1 0 
0 0 0 1 0 1 0 0 0 1 0 0 0 1 0 1 0 1 0 0 0 1 0 
0 0 0 1 1 1 0 1 0 1 0 1 1 1 0 1 1 1 0 1 1 1 0 
0 0 0 0 0 0 0 1 0 0 0 1 0 1 0 1 0 1 0 0 0 0 0 
0 1 1 1 0 1 1 1 0 1 0 1 0 1 0 1 0 1 0 1 1 1 0 
0 1 0 1 0 1 0 0 0 1 0 1 0 1 0 1 0 1 0 0 0 1 0 
0 1 0 1 1 1 1 1 1 1 1 1 0 1 0 1 0 1 1 1 1 3 0 
0 0 0 0 0 0 0 0 0 0 0 0 0 0 0 0 0 0 0 0 0 0 0 
32 32 29 29
0 0 0 0 0 0 0 0 0 0 0 0 0 0 0 0 0 0 0 0 0 0 0 0 0 0 0 0 0 0 0 0 
0 2 0 1 1 1 1 1 0 1 0 1 1 1 0 0 0 1 0 1 1 1 0 1 1 1 1 1 1 1 0 0 
0 1 0 1 0 1 0 0 0 1 0 0 0 1 0 0 0 1 0 0 0 1 0 1 0 0 0 0 0 1 0 0 
0 1 1 1 0 1 1 1 1 1 0 1 0 1 1 1 1 1 1 1 1 1 0 1 0 1 0 1 1 1 0 0 
0 1 0 0 0 1 0 1 0 1 0 1 0 0 0 0 0 1 0 0 0 1 0 0 0 1 0 1 0 0 0 0 
0 1 0 1 1 1 0 1 0 1 0 1 0 1 1 1 0 1 0 1 1 1 0 1 0 1 1 1 1 1 0 0 
0 0 0 0 0 0 0 1 0 0 0 1 0 1 0 0 0 1 0 0 0 0 0 1 0 0 0 1 0 0 0 0 
0 1 1 1 0 1 0 1 1 1 1 1 1 1 1 1 1 1 1 1 1 1 0 1 1 1 0 1 0 1 0 0 
0 1 0 0 0 1 0 1 0 0 0 0 0 1 0 0 0 1 0 0 0 0 0 1 0 0 0 1 0 1 0 0 
0 1 1 1 0 1 1 1 1 1 0 1 1 1 1 1 0 1 1 1 0 1 1 1 0 1 1 1 1 1 0 0 
0 0 0 1 0 0 0 0 0 1 0 0 0 1 0 0 0 0 0 1 0 1 0 1 0 1 0 0 0 1 0 0 
0 1 1 1 1 1 0 1 1 1 1 1 0 1 0 1 1 1 1 1 0 1 0 1 1 1 0 1 1 1 0 0 
0 0 0 1 0 0 0 0 0 1 0 0 0 0 0 0 0 1 0 0 0 0 0 0 0 0 0 1 0 1 0 0 
0 1 1 1 0 1 0 1 0 1 1 1 1 1 1 1 0 1 1 1 0 1 0 1 0 1 0 1 0 1 0 0 
0 0 0 1 0 1 0 1 0 0 0 0 0 1 0 0 0 0 0 0 0 1 0 1 0 1 0 0 0 1 0 0 
0 1 1 1 0 1 0 1 1 1 0 1 1 1 0 1 1 1 0 1 0 1 1 1 0 1 0 1 1 1 0 0 
0 1 0 0 0 1 0 0 0 1 0 0 0 1 0 1 0 1 0 1 0 1 0 0 0 1 0 1 0 1 0 0 
0 1 1 1 1 1 0 1 1 1 1 1 1 1 0 1 0 1 1 1 0 1 0 1 0 1 0 1 0 1 0 0 
0 0 0 0 0 1 0 0 0 1 0 0 0 0 0 1 0 0 0 0 0 1 0 1 0 1 0 0 0 1 0 0 
0 1 1 1 0 1 1 1 1 1 0 1 1 1 0 1 1 1 1 1 0 1 1 1 1 1 1 1 1 1 0 0 
0 1 0 0 0 1 0 0 0 1 0 0 0 1 0 1 0 0 0 0 0 0 0 1 0 0 0 0 0 0 0 0 
0 1 1 1 0 1 0 1 0 1 0 1 0 1 1 1 0 1 0 1 0 1 0 1 1 1 1 1 1 1 0 0 
0 1 0 1 0 0 0 1 0 1 0 1 0 1 0 0 0 1 0 1 0 1 0 0 0 1 0 0 0 0 0 0 
0 1 0 1 0 1 0 1 1 1 0 1 1 1 1 1 0 1 1 1 1 1 0 1 1 1 1 1 0 1 0 0 
0 1 0 0 0 1 0 0 0 1 0 0 0 1 0 1 0 1 0 1 0 0 0 1 0 0 0 1 0 1 0 0 
0 1 1 1 1 1 1 1 1 1 1 1 1 1 0 1 0 1 0 1 1 1 0 1 0 1 1 1 1 1 0 0 
0 0 0 1 0 0 0 1 0 1 0 0 0 0 0 0 0 0 0 1 0 0 0 0 0 0 0 1 0 1 0 0 
0 1 1 1 1 1 0 1 0 1 0 1 0 1 1 1 1 1 0 1 1 1 1 1 0 1 1 1 0 1 0 0 
0 0 0 1 0 1 0 0 0 1 0 1 0 1 0 0 0 0 0 0 0 1 0 1 0 1 0 0 0 1 0 0 
0 0 0 1 0 1 0 1 1 1 1 1 1 1 1 1 1 1 1 1 1 1 0 1 1 1 0 1 1 3 0 0 
0 0 0 0 0 0 0 0 0 0 0 0 0 0 0 0 0 0 0 0 0 0 0 0 0 0 0 0 0 0 0 0 
0 0 0 0 0 0 0 0 0 0 0 0 0 0 0 0 0 0 0 0 0 0 0 0 0 0 0 0 0 0 0 0 
13 13 11 11
0 0 0 0 0 0 0 0 0 0 0 0 0 
0 2 0 1 1 1 1 1 0 1 1 1 0 
0 1 0 0 0 1 0 0 0 0 0 1 0 
0 1 1 1 0 1 0 1 1 1 1 1 0 
0 0 0 1 0 1 0 1 0 0 0 1 0 
0 1 0 1 0 1 0 1 0 1 1 1 0 
0 1 0 1 0 1 0 1 0 0 0 1 0 
0 1 0 1 1 1 1 1 1 1 0 1 0 
0 0 0 0 0 0 0 1 0 0 0 0 0 
0 1 1 1 1 1 1 1 1 1 1 1 0 
0 0 0 1 0 1 0 1 0 1 0 1 0 
0 0 0 1 0 1 0 1 0 1 0 3 0 
0 0 0 0 0 0 0 0 0 0 0 0 0 
13 13 11 11
0 0 0 0 0 0 0 0 0 0 0 0 0 
0 2 0 1 0 0 0 1 1 1 0 1 0 
0 1 0 1 0 0 0 1 0 0 0 1 0 
0 1 0 1 1 1 1 1 1 1 1 1 0 
0 1 0 0 0 0 0 0 0 0 0 1 0 
0 1 1 1 1 1 1 1 1 1 1 1 0 
0 1 0 0 0 1 0 0 0 0 0 0 0 
0 1 0 1 1 1 1 1 0 1 0 1 0 
0 1 0 1 0 1 0 0 0 1 0 1 0 
0 1 0 1 0 1 1 1 1 1 1 1 0 
0 0 0 1 0 1 0 1 0 1 0 1 0 
0 1 1 1 0 1 0 1 0 1 0 3 0 
0 0 0 0 0 0 0 0 0 0 0 0 0 
13 13 11 11
0 0 0 0 0 0 0 0 0 0 0 0 0 
0 2 1 1 0 1 0 1 1 1 1 1 0 
0 1 0 1 0 1 0 1 0 0 0 0 0 
0 1 0 1 0 1 1 1 1 1 0 1 0 
0 0 0 1 0 0 0 1 0 1 0 1 0 
0 1 0 1 1 1 0 1 0 1 1 1 0 
0 1 0 1 0 0 0 0 0 0 0 1 0 
0 1 1 1 1 1 1 1 0 1 1 1 0 
0 0 0 1 0 0 0 1 0 1 0 0 0 
0 1 1 1 1 1 0 1 0 1 1 1 0 
0 1 0 1 0 0 0 0 0 1 0 0 0 
0 1 0 1 1 1 1 1 1 1 1 3 0 
0 0 0 0 0 0 0 0 0 0 0 0 0 
22 22 19 19
0 0 0 0 0 0 0 0 0 0 0 0 0 0 0 0 0 0 0 0 0 0 
0 2 1 1 0 1 1 1 1 1 1 1 0 1 1 1 1 1 0 1 0 0 
0 1 0 0 0 1 0 1 0 0 0 0 0 1 0 1 0 0 0 1 0 0 
0 1 1 1 1 1 0 1 1 1 1 1 1 1 0 1 0 1 1 1 0 0 
0 1 0 0 0 0 0 1 0 1 0 1 0 0 0 1 0 1 0 1 0 0 
0 1 0 1 1 1 0 1 0 1 0 1 0 1 1 1 0 1 0 1 0 0 
0 1 0 1 0 0 0 1 0 1 0 1 0 1 0 0 0 1 0 1 0 0 
0 1 0 1 1 1 0 1 0 1 0 1 0 1 0 1 1 1 0 1 0 0 
0 0 0 1 0 0 0 1 0 1 0 0 0 1 0 0 0 1 0 0 0 0 
0 1 1 1 1 1 1 1 0 1 0 1 0 1 0 1 1 1 1 1 0 0 
0 1 0 1 0 1 0 0 0 0 0 1 0 0 0 1 0 0 0 1 0 0 
0 1 0 1 0 1 0 1 1 1 0 1 1 1 1 1 0 1 0 1 0 0 
0 1 0 0 0 0 0 0 0 1 0 0 0 1 0 1 0 1 0 1 0 0 
0 1 1 1 1 1 1 1 1 1 1 1 0 1 0 1 1 1 0 1 0 0 
0 1 0 0 0 0 0 0 0 0 0 0 0 1 0 1 0 0 0 1 0 0 
0 1 0 1 0 1 0 1 0 1 1 1 0 1 0 1 1 1 0 1 0 0 
0 1 0 1 0 1 0 1 0 0 0 1 0 1 0 0 0 0 0 0 0 0 
0 1 0 1 1 1 0 1 1 1 1 1 1 1 1 1 0 1 1 1 0 0 
0 1 0 0 0 1 0 1 0 0 0 1 0 1 0 0 0 1 0 0 0 0 
0 1 1 1 1 1 1 1 1 1 0 1 0 1 1 1 1 1 1 3 0 0 
0 0 0 0 0 0 0 0 0 0 0 0 0 0 0 0 0 0 0 0 0 0 
0 0 0 0 0 0 0 0 0 0 0 0 0 0 0 0 0 0 0 0 0 0 
22 22 19 19
0 0 0 0 0 0 0 0 0 0 0 0 0 0 0 0 0 0 0 0 0 0 
0 2 0 1 1 1 1 1 1 1 1 1 1 1 1 1 1 1 1 1 0 0 
0 1 0 0 0 1 0 0 0 1 0 0 0 0 0 0 0 0 0 0 0 0 
0 1 1 1 0 1 1 1 0 1 1 1 1 1 1 1 1 1 1 1 0 0 
0 1 0 0 0 0 0 0 0 1 0 0 0 0 0 1 0 1 0 0 0 0 
0 1 1 1 1 1 0 1 0 1 0 1 1 1 0 1 0 1 0 1 0 0 
0 1 0 0 0 1 0 1 0 0 0 0 0 1 0 1 0 1 0 1 0 0 
0 1 0 1 0 1 0 1 1 1 0 1 1 1 1 1 0 1 0 1 0 0 
0 0 0 1 0 1 0 1 0 0 0 0 0 0 0 1 0 1 0 1 0 0 
0 1 0 1 0 1 0 1 0 1 1 1 0 1 1 1 0 1 0 1 0 0 
0 1 0 1 0 1 0 1 0 0 0 1 0 1 0 1 0 1 0 1 0 0 
0 1 1 1 1 1 1 1 1 1 1 1 1 1 0 1 0 1 1 1 0 0 
0 1 0 1 0 0 0 0 0 0 0 1 0 0 0 1 0 0 0 0 0 0 
0 1 0 1 1 1 0 1 1 1 1 1 1 1 0 1 1 1 1 1 0 0 
0 1 0 0 0 0 0 0 0 1 0 1 0 1 0 0 0 0 0 0 0 0 
0 1 1 1 0 1 1 1 0 1 0 1 0 1 1 1 1 1 1 1 0 0 
0 1 0 0 0 1 0 0 0 1 0 1 0 0 0 0 0 1 0 0 0 0 
0 1 1 1 0 1 1 1 0 1 0 1 1 1 0 1 1 1 0 1 0 0 
0 1 0 1 0 0 0 1 0 1 0 1 0 0 0 1 0 1 0 1 0 0 
0 1 0 1 0 1 1 1 1 1 0 1 0 1 1 1 0 1 1 3 0 0 
0 0 0 0 0 0 0 0 0 0 0 0 0 0 0 0 0 0 0 0 0 0 
0 0 0 0 0 0 0 0 0 0 0 0 0 0 0 0 0 0 0 0 0 0 
29 29 27 27
0 0 0 0 0 0 0 0 0 0 0 0 0 0 0 0 0 0 0 0 0 0 0 0 0 0 0 0 0 
0 2 1 1 0 1 0 1 1 1 0 1 0 1 0 1 1 1 1 1 0 1 1 1 1 1 1 1 0 
0 1 0 0 0 1 0 1 0 1 0 1 0 1 0 0 0 1 0 1 0 0 0 1 0 0 0 0 0 
0 1 1 1 0 1 1 1 0 1 0 1 0 1 1 1 1 1 0 1 0 1 1 1 0 1 1 1 0 
0 1 0 0 0 0 0 1 0 1 0 1 0 1 0 0 0 1 0 0 0 0 0 1 0 1 0 1 0 
0 1 1 1 1 1 0 1 0 1 0 1 1 1 0 1 1 1 1 1 1 1 1 1 1 1 0 1 0 
0 0 0 0 0 1 0 1 0 1 0 1 0 0 0 0 0 0 0 0 0 1 0 0 0 0 0 0 0 
0 1 1 1 1 1 1 1 0 1 1 1 0 1 0 1 0 1 0 1 0 1 0 1 1 1 1 1 0 
0 0 0 0 0 1 0 0 0 0 0 0 0 1 0 1 0 1 0 1 0 1 0 1 0 1 0 0 0 
0 1 1 1 0 1 1 1 1 1 1 1 1 1 0 1 1 1 1 1 1 1 1 1 0 1 1 1 0 
0 1 0 0 0 1 0 0 0 0 0 0 0 0 0 0 0 0 0 1 0 0 0 1 0 0 0 1 0 
0 1 1 1 0 1 0 1 1 1 1 1 1 1 1 1 1 1 1 1 1 1 0 1 0 1 1 1 0 
0 1 0 0 0 1 0 0 0 1 0 1 0 1 0 0 0 0 0 0 0 0 0 1 0 0 0 1 0 
0 1 1 1 1 1 0 1 1 1 0 1 0 1 0 1 1 1 1 1 0 1 1 1 0 1 1 1 0 
0 0 0 1 0 0 0 1 0 1 0 0 0 0 0 0 0 0 0 1 0 0 0 0 0 1 0 1 0 
0 1 1 1 1 1 0 1 0 1 0 1 1 1 1 1 1 1 0 1 1 1 1 1 1 1 0 1 0 
0 1 0 0 0 1 0 0 0 0 0 1 0 1 0 0 0 0 0 1 0 0 0 1 0 0 0 1 0 
0 1 1 1 0 1 1 1 0 1 1 1 0 1 0 1 1 1 0 1 0 1 1 1 1 1 0 1 0 
0 0 0 0 0 0 0 0 0 1 0 0 0 1 0 0 0 1 0 0 0 1 0 0 0 1 0 1 0 
0 1 1 1 0 1 1 1 0 1 1 1 0 1 1 1 1 1 1 1 0 1 0 1 0 1 0 1 0 
0 0 0 1 0 0 0 1 0 0 0 0 0 1 0 0 0 1 0 0 0 1 0 1 0 1 0 0 0 
0 1 1 1 1 1 1 1 0 1 1 1 1 1 1 1 0 1 0 1 1 1 0 1 0 1 1 1 0 
0 0 0 1 0 1 0 1 0 0 0 0 0 1 0 0 0 0 0 1 0 1 0 1 0 1 0 1 0 
0 1 1 1 0 1 0 1 1 1 1 1 1 1 1 1 1 1 1 1 0 1 1 1 0 1 0 1 0 
0 0 0 0 0 0 0 0 0 1 0 1 0 1 0 1 0 1 0 0 0 1 0 1 0 0 0 1 0 
0 1 1 1 1 1 0 1 1 1 0 1 0 1 0 1 0 1 1 1 0 1 0 1 1 1 0 1 0 
0 1 0 0 0 0 0 1 0 0 0 0 0 0 0 1 0 1 0 1 0 1 0 0 0 0 0 1 0 
0 1 1 1 1 1 0 1 1 1 1 1 1 1 0 1 0 1 0 1 0 1 1 1 0 1 1 3 0 
0 0 0 0 0 0 0 0 0 0 0 0 0 0 0 0 0 0 0 0 0 0 0 0 0 0 0 0 0 
13 13 11 11
0 0 0 0 0 0 0 0 0 0 0 0 0 
0 2 0 1 0 1 1 1 0 1 0 1 0 
0 1 0 1 0 1 0 1 0 1 0 1 0 
0 1 1 1 1 1 0 1 1 1 1 1 0 
0 0 0 1 0 0 0 0 0 1 0 1 0 
0 1 1 1 1 1 0 1 1 1 0 1 0 
0 0 0 0 0 0 0 1 0 1 0 1 0 
0 1 1 1 0 1 1 1 0 1 0 1 0 
0 0 0 1 0 1 0 1 0 1 0 1 0 
0 1 1 1 1 1 0 1 0 1 0 1 0 
0 1 0 0 0 1 0 0 0 1 0 1 0 
0 1 0 1 1 1 0 1 1 1 0 3 0 
0 0 0 0 0 0 0 0 0 0 0 0 0 
13 13 11 11
0 0 0 0 0 0 0 0 0 0 0 0 0 
0 2 1 1 1 1 1 1 0 1 0 1 0 
0 1 0 1 0 0 0 0 0 1 0 1 0 
0 1 0 1 1 1 1 1 1 1 0 1 0 
0 1 0 0 0 0 0 1 0 0 0 1 0 
0 1 1 1 0 1 0 1 1 1 1 1 0 
0 0 0 0 0 1 0 1 0 1 0 1 0 
0 1 1 1 1 1 1 1 0 1 0 1 0 
0 1 0 0 0 1 0 0 0 1 0 1 0 
0 1 1 1 0 1 0 1 1 1 0 1 0 
0 0 0 0 0 0 0 1 0 1 0 1 0 
0 1 1 1 1 1 1 1 0 1 0 3 0 
0 0 0 0 0 0 0 0 0 0 0 0 0 
13 13 11 11
0 0 0 0 0 0 0 0 0 0 0 0 0 
0 2 1 1 0 1 1 1 0 1 0 1 0 
0 0 0 1 0 0 0 1 0 1 0 1 0 
0 1 0 1 0 1 1 1 1 1 1 1 0 
0 1 0 1 0 1 0 0 0 0 0 0 0 
0 1 0 1 1 1 1 1 0 1 0 1 0 
0 1 0 1 0 0 0 0 0 1 0 1 0 
0 1 1 1 1 1 0 1 1 1 1 1 0 
0 1 0 0 0 0 0 1 0 1 0 0 0 
0 1 1 1 1 1 0 1 0 1 1 1 0 
0 0 0 1 0 0 0 1 0 1 0 1 0 
0 1 1 1 1 1 1 1 0 1 0 3 0 
0 0 0 0 0 0 0 0 0 0 0 0 0 
13 13 11 11
0 0 0 0 0 0 0 0 0 0 0 0 0 
0 2 1 1 0 1 1 1 1 1 1 1 0 
0 1 0 0 0 0 0 0 0 1 0 0 0 
0 1 0 1 1 1 0 0 0 1 1 1 0 
0 1 0 0 0 1 0 0 0 0 0 1 0 
0 1 1 1 1 1 1 1 0 1 1 1 0 
0 1 0 1 0 0 0 1 0 0 0 1 0 
0 1 0 1 0 1 1 1 1 1 1 1 0 
0 1 0 0 0 1 0 0 0 1 0 0 0 
0 1 1 1 0 1 1 1 0 1 0 0 0 
0 1 0 0 0 1 0 0 0 0 0 0 0 
0 1 0 1 1 1 1 1 1 1 1 3 0 
0 0 0 0 0 0 0 0 0 0 0 0 0 
19 19 17 17
0 0 0 0 0 0 0 0 0 0 0 0 0 0 0 0 0 0 0 
0 2 1 1 0 1 1 1 0 1 1 1 1 1 0 1 1 1 0 
0 0 0 1 0 0 0 1 0 1 0 0 0 0 0 0 0 1 0 
0 1 1 1 1 1 1 1 1 1 1 1 1 1 1 1 1 1 0 
0 0 0 0 0 0 0 0 0 1 0 1 0 0 0 0 0 0 0 
0 1 1 1 1 1 0 1 1 1 0 1 1 1 1 1 1 1 0 
0 0 0 1 0 0 0 0 0 0 0 0 0 0 0 1 0 1 0 
0 1 1 1 0 1 0 1 1 1 0 1 1 1 1 1 0 1 0 
0 0 0 1 0 1 0 1 0 0 0 1 0 0 0 0 0 1 0 
0 1 1 1 1 1 1 1 0 1 1 1 0 1 1 1 1 1 0 
0 0 0 0 0 0 0 1 0 0 0 1 0 1 0 0 0 1 0 
0 1 1 1 1 1 1 1 1 1 1 1 0 1 0 1 1 1 0 
0 1 0 0 0 0 0 0 0 1 0 0 0 1 0 0 0 1 0 
0 1 1 1 1 1 0 1 1 1 0 1 1 1 1 1 0 1 0 
0 1 0 0 0 0 0 0 0 0 0 0 0 1 0 0 0 0 0 
0 1 1 1 0 1 0 1 1 1 1 1 1 1 1 1 1 1 0 
0 0 0 1 0 1 0 1 0 0 0 0 0 0 0 1 0 1 0 
0 1 1 1 0 1 1 1 0 1 1 1 1 1 1 1 0 3 0 
0 0 0 0 0 0 0 0 0 0 0 0 0 0 0 0 0 0 0 
19 19 17 17
0 0 0 0 0 0 0 0 0 0 0 0 0 0 0 0 0 0 0 
0 2 0 0 0 1 1 1 0 0 0 1 1 1 0 1 1 1 0 
0 1 0 0 0 0 0 0 0 0 0 0 0 1 0 0 0 1 0 
0 1 1 1 1 1 1 1 1 1 1 1 0 1 1 1 0 1 0 
0 1 0 0 0 1 0 0 0 0 0 1 0 1 0 0 0 1 0 
0 1 0 0 0 1 1 1 0 1 1 1 0 1 0 1 0 1 0 
0 0 0 0 0 1 0 0 0 0 0 1 0 1 0 1 0 1 0 
0 1 0 0 0 1 0 1 0 1 0 1 1 1 1 1 1 1 0 
0 1 0 0 0 1 0 1 0 1 0 1 0 0 0 0 0 1 0 
0 1 1 1 0 1 0 1 1 1 0 1 0 1 1 1 1 1 0 
0 1 0 0 0 0 0 0 0 1 0 0 0 1 0 0 0 0 0 
0 1 0 1 0 1 0 1 0 1 1 1 0 1 0 1 0 1 0 
0 1 0 1 0 1 0 1 0 0 0 1 0 1 0 1 0 1 0 
0 1 0 1 0 1 1 1 1 1 0 1 1 1 0 1 1 1 0 
0 1 0 1 0 0 0 0 0 1 0 1 0 1 0 0 0 1 0 
0 1 0 1 1 1 1 1 1 1 1 1 0 1 1 1 1 1 0 
0 1 0 1 0 1 0 0 0 1 0 0 0 0 0 1 0 0 0 
0 1 1 1 0 1 0 1 1 1 1 1 1 1 0 1 1 3 0 
0 0 0 0 0 0 0 0 0 0 0 0 0 0 0 0 0 0 0 
25 25 23 23
0 0 0 0 0 0 0 0 0 0 0 0 0 0 0 0 0 0 0 0 0 0 0 0 0 
0 2 1 1 1 1 0 1 1 1 0 1 1 1 1 1 0 1 1 1 1 1 1 1 0 
0 0 0 0 0 1 0 1 0 0 0 1 0 1 0 0 0 1 0 1 0 0 0 1 0 
0 1 1 1 1 1 1 1 1 1 1 1 0 1 0 1 0 1 0 1 0 1 0 1 0 
0 1 0 1 0 0 0 0 0 1 0 0 0 0 0 1 0 1 0 0 0 1 0 1 0 
0 1 0 1 0 1 1 1 0 1 1 1 1 1 0 1 1 1 0 1 1 1 0 1 0 
0 0 0 1 0 0 0 1 0 0 0 0 0 1 0 0 0 1 0 1 0 1 0 0 0 
0 1 1 1 1 1 0 1 0 1 1 1 0 1 1 1 0 1 1 1 0 1 0 1 0 
0 1 0 1 0 0 0 1 0 1 0 0 0 0 0 1 0 0 0 0 0 1 0 1 0 
0 1 0 1 1 1 1 1 0 1 0 1 0 1 0 1 0 1 1 1 0 1 1 1 0 
0 0 0 0 0 1 0 1 0 1 0 1 0 1 0 1 0 0 0 1 0 1 0 0 0 
0 1 1 1 0 1 0 1 0 1 0 1 1 1 0 1 0 1 1 1 0 1 0 0 0 
0 1 0 1 0 1 0 0 0 1 0 1 0 1 0 0 0 0 0 1 0 1 0 0 0 
0 1 0 1 1 1 1 1 0 1 0 1 0 1 0 1 1 1 1 1 1 1 0 1 0 
0 0 0 0 0 1 0 0 0 1 0 0 0 1 0 1 0 0 0 1 0 1 0 1 0 
0 1 1 1 1 1 0 1 1 1 1 1 0 1 0 1 1 1 0 1 0 1 1 1 0 
0 0 0 1 0 1 0 1 0 1 0 1 0 1 0 0 0 1 0 1 0 0 0 1 0 
0 1 0 1 0 1 1 1 0 1 0 1 0 1 1 1 1 1 0 1 1 1 0 1 0 
0 1 0 1 0 0 0 0 0 1 0 0 0 0 0 0 0 0 0 1 0 0 0 1 0 
0 1 1 1 1 1 1 1 0 1 0 1 0 1 1 1 1 1 0 1 0 1 1 1 0 
0 0 0 1 0 0 0 1 0 1 0 1 0 1 0 1 0 0 0 1 0 0 0 0 0 
0 1 0 1 1 1 0 1 0 1 1 1 1 1 0 1 1 1 1 1 1 1 1 1 0 
0 1 0 1 0 0 0 0 0 0 0 1 0 0 0 1 0 0 0 1 0 1 0 1 0 
0 1 0 1 1 1 0 0 0 1 1 1 0 1 1 1 0 1 1 1 0 1 0 3 0 
0 0 0 0 0 0 0 0 0 0 0 0 0 0 0 0 0 0 0 0 0 0 0 0 0 
12 12 9 9
0 0 0 0 0 0 0 0 0 0 0 0 
0 2 0 1 1 1 0 1 1 1 0 0 
0 1 0 0 0 1 0 1 0 0 0 0 
0 1 0 1 1 1 1 1 0 1 0 0 
0 1 0 1 0 1 0 0 0 1 0 0 
0 1 0 1 0 1 1 1 0 1 0 0 
0 1 0 1 0 1 0 0 0 1 0 0 
0 1 1 1 0 1 1 1 1 1 0 0 
0 1 0 0 0 1 0 0 0 1 0 0 
0 1 0 1 1 1 1 1 0 3 0 0 
0 0 0 0 0 0 0 0 0 0 0 0 
0 0 0 0 0 0 0 0 0 0 0 0 
18 18 15 15
0 0 0 0 0 0 0 0 0 0 0 0 0 0 0 0 0 0 
0 2 0 1 1 1 0 1 0 1 1 1 1 1 1 1 0 0 
0 1 0 1 0 0 0 1 0 1 0 0 0 0 0 1 0 0 
0 1 1 1 0 1 1 1 0 1 0 1 1 1 1 1 0 0 
0 1 0 1 0 1 0 1 0 0 0 0 0 0 0 1 0 0 
0 1 0 1 1 1 0 1 1 1 1 1 1 1 1 1 0 0 
0 1 0 1 0 0 0 0 0 1 0 1 0 0 0 0 0 0 
0 1 0 1 0 1 1 1 0 1 0 1 0 1 0 1 0 0 
0 1 0 1 0 1 0 0 0 0 0 0 0 1 0 1 0 0 
0 1 0 1 0 1 1 1 1 1 0 1 1 1 1 1 0 0 
0 0 0 1 0 0 0 0 0 1 0 1 0 0 0 1 0 0 
0 1 1 1 0 1 1 1 1 1 0 1 0 1 1 1 0 0 
0 1 0 0 0 1 0 0 0 1 0 1 0 0 0 1 0 0 
0 1 1 1 1 1 0 1 1 1 1 1 0 1 1 1 0 0 
0 1 0 0 0 0 0 0 0 1 0 1 0 0 0 1 0 0 
0 1 1 1 1 1 1 1 0 1 0 1 0 1 1 3 0 0 
0 0 0 0 0 0 0 0 0 0 0 0 0 0 0 0 0 0 
0 0 0 0 0 0 0 0 0 0 0 0 0 0 0 0 0 0 
